1,515,639.33,588.65,93.90,139.42,3
1,516,533.38,406.34,65.16,82.05,3
1,517,802.79,239.02,75.36,44.08,4
1,518,503.02,206.58,44.15,38.70,3
1,519,680.50,299.50,49.07,43.24,3
1,520,1103.50,448.04,109.84,95.16,3
1,521,277.39,647.97,133.28,113.87,3
1,522,882.27,208.86,38.69,30.05,3
2,515,638.33,579.21,92.83,137.83,3
2,516,529.72,415.44,66.21,83.33,3
2,517,800.67,240.17,75.56,44.17,4
2,518,502.06,207.27,44.66,39.15,3
2,519,680.22,297.03,50.37,44.40,3
2,520,1105.15,451.66,108.97,94.39,3
2,521,273.42,668.87,113.76,96.67,3
2,522,882.78,209.64,39.57,30.74,3
3,515,638.18,570.16,90.33,134.00,3
3,516,525.19,422.78,69.45,87.43,3
3,517,798.94,241.67,76.74,44.89,4
3,518,501.45,208.39,44.62,39.12,3
3,519,680.38,295.36,48.78,42.97,3
3,520,1108.34,455.81,107.07,92.64,3
3,521,278.59,697.02,81.43,67.66,3
3,522,882.84,210.32,39.68,30.80,3
4,515,639.57,560.28,86.98,128.77,3
4,516,520.54,432.58,72.85,91.73,3
4,517,796.77,243.60,78.15,45.77,4
4,518,500.94,209.33,44.73,39.21,3
4,519,680.22,292.97,47.86,42.14,3
4,520,1109.92,458.88,108.94,94.09,3
4,521,584.59,278.65,39.97,33.74,3
4,522,883.17,210.93,39.85,30.91,3
4,523,737.76,155.16,34.13,24.05,3
5,515,638.58,550.09,84.98,125.40,3
5,516,514.19,442.36,77.48,97.76,3
5,517,796.30,244.90,77.27,45.17,4
5,518,500.01,210.16,44.91,39.36,3
5,519,680.35,290.29,47.92,42.22,3
5,520,1111.74,461.49,111.27,96.06,3
5,521,759.35,218.23,41.58,35.18,3
5,522,883.65,211.84,40.26,31.26,3
5,523,737.88,155.53,34.45,24.28,3
6,515,639.71,540.04,83.20,122.38,3
6,516,509.03,453.59,79.88,101.11,3
6,517,795.39,245.73,76.23,44.58,4
6,518,499.42,210.21,45.68,40.07,3
6,519,680.01,288.74,47.28,41.62,3
6,520,1113.61,464.37,112.97,97.38,3
6,521,877.81,168.47,41.79,35.57,3
6,522,884.87,213.18,39.20,30.41,3
6,523,751.98,205.76,46.14,32.69,3
6,526,620.26,237.30,21.37,31.74,0
7,515,639.61,530.41,80.90,118.63,3
7,516,504.19,464.26,82.49,104.74,3
7,517,794.48,247.40,76.76,44.86,4
7,518,498.76,211.30,45.46,39.87,3
7,519,680.94,286.83,46.34,40.71,3
7,520,1120.04,468.69,112.18,96.76,3
7,521,903.87,160.62,41.90,35.85,3
7,522,886.12,213.79,38.80,30.15,3
7,523,756.62,221.86,50.58,36.13,3
7,526,618.78,237.05,21.62,32.16,0
8,515,640.15,521.75,79.35,115.93,3
8,516,497.94,475.40,86.77,110.68,3
8,517,792.63,248.47,79.05,46.30,4
8,518,498.74,212.19,44.65,39.21,3
8,519,680.85,284.86,46.26,40.58,3
8,520,1121.65,471.79,114.63,98.65,3
8,521,659.31,232.98,54.97,47.32,3
8,522,886.21,214.41,39.02,30.34,3
8,523,827.65,203.88,54.41,39.26,3
8,526,617.50,237.61,20.76,30.92,0
9,515,640.70,513.45,76.86,111.92,3
9,516,493.94,488.51,89.07,114.07,3
9,517,791.05,249.69,80.64,47.47,4
9,518,497.67,212.75,44.89,39.46,3
9,519,680.96,282.75,45.38,39.78,3
9,520,1122.30,474.82,117.18,100.48,3
9,521,585.87,255.72,59.36,51.34,3
9,522,886.98,214.82,38.94,30.29,3
9,523,858.11,195.80,55.19,40.29,3
9,526,615.83,239.25,21.17,31.64,0
10,515,641.75,506.22,74.28,107.39,3
10,516,486.57,499.83,93.87,121.07,3
10,517,790.80,250.58,79.84,47.05,4
10,518,497.15,213.80,45.19,39.82,3
10,519,680.35,280.18,46.27,40.64,3
10,520,1125.58,479.07,116.44,99.84,3
10,521,550.78,270.64,61.32,53.32,3
10,522,888.21,215.73,39.35,30.60,3
10,523,800.81,216.45,53.50,39.52,3
10,526,710.61,181.79,18.27,26.02,0
11,515,642.65,497.81,72.40,104.03,3
11,516,480.81,512.78,96.87,125.76,3
11,517,789.91,251.90,79.75,47.04,4
11,518,496.32,214.24,45.52,40.15,3
11,519,680.18,277.81,45.68,40.16,3
11,520,1132.62,481.53,117.86,102.10,3
11,521,534.35,280.41,62.52,54.76,3
11,522,888.75,216.40,39.42,30.65,3
11,523,776.14,224.78,52.00,38.90,3
11,526,744.23,160.61,17.84,24.18,0
12,515,642.93,491.64,70.60,100.64,3
12,516,474.95,526.50,99.18,129.84,3
12,517,788.53,252.78,80.86,47.93,4
12,518,495.53,215.27,45.30,40.03,3
12,519,680.01,276.10,44.56,39.14,3
12,520,1136.93,486.03,116.84,101.19,3
12,521,524.59,288.17,64.79,57.29,3
12,522,889.05,217.05,39.77,30.92,3
12,523,766.45,227.89,51.16,38.77,3
12,526,752.41,155.31,18.48,23.77,0
13,515,643.23,484.08,68.72,96.94,3
13,516,469.11,541.68,101.60,133.83,3
13,517,787.30,254.03,81.87,48.80,4
13,518,495.61,215.66,45.22,40.05,3
13,519,679.22,273.88,44.86,39.50,3
13,520,1139.28,488.16,119.18,103.68,3
13,521,518.95,293.88,67.11,60.08,3
13,522,888.83,217.83,40.18,31.26,3
13,523,763.23,229.28,49.36,37.84,3
13,526,753.81,154.41,19.45,23.71,0
14,515,643.27,477.40,68.03,94.97,3
14,516,463.12,556.61,103.80,137.59,3
14,517,787.40,255.51,81.12,48.40,4
14,518,494.20,216.26,45.83,40.73,3
14,519,678.43,271.14,45.53,40.22,3
14,520,1141.95,490.41,120.41,105.38,3
14,521,516.86,300.51,65.60,59.33,3
14,522,889.19,218.47,40.16,31.24,3
14,523,761.61,229.96,48.01,37.22,3
14,526,752.74,154.82,20.63,23.97,0
15,515,644.00,470.61,66.24,91.37,3
15,516,456.54,571.54,106.92,142.32,3
15,517,786.06,256.37,81.80,49.13,4
15,518,493.76,216.69,46.18,41.11,3
15,519,678.15,268.95,45.26,40.08,3
15,520,1143.99,492.57,121.86,107.44,3
15,521,515.10,307.63,65.23,59.63,3
15,522,890.33,218.98,40.14,31.23,3
15,523,761.44,230.16,47.16,36.94,3
15,526,751.75,155.49,21.71,24.06,0
15,528,605.60,243.42,21.85,32.92,0
16,516,449.63,588.57,110.25,147.85,3
16,517,785.36,257.27,82.09,49.57,4
16,518,492.86,217.43,46.12,41.20,3
16,519,679.00,267.09,44.11,39.04,3
16,520,1144.50,493.70,125.57,110.99,3
16,521,512.20,313.81,64.47,59.13,3
16,522,890.80,219.51,40.01,31.04,3
16,523,762.27,230.68,46.82,36.99,3
16,526,763.49,148.45,21.14,23.43,0
16,528,604.17,243.81,22.02,33.21,0
17,517,784.87,257.76,82.31,50.02,4
17,518,492.17,218.37,46.02,41.21,3
17,519,677.98,265.09,44.25,39.20,3
17,520,1147.83,494.87,127.84,113.63,3
17,521,508.53,319.35,66.78,61.72,3
17,522,890.75,220.43,40.78,31.66,3
17,523,762.31,231.64,45.49,36.19,3
17,526,775.24,141.42,20.57,22.80,0
17,528,601.38,244.38,22.07,33.33,0
17,515,643.94,456.22,65.33,87.54,3
18,518,491.66,219.12,45.83,41.15,3
18,519,677.91,263.11,43.78,38.79,3
18,520,1151.51,498.16,127.87,114.67,3
18,521,504.31,326.41,68.03,63.55,3
18,522,890.80,220.45,41.30,32.09,3
18,523,762.82,231.87,44.21,35.37,3
18,526,786.98,134.39,20.00,22.17,0
18,528,599.42,245.44,22.35,33.81,0
18,515,643.84,449.11,65.50,86.63,3
18,516,441.83,623.90,106.52,143.15,3
19,519,677.82,261.17,43.59,38.69,3
19,520,1154.98,502.07,126.36,114.20,3
19,521,502.16,333.58,67.97,64.07,3
19,522,891.36,221.06,41.61,32.34,3
19,523,762.70,232.34,44.43,35.82,3
19,526,798.72,127.36,19.43,21.54,0
19,528,598.01,245.48,22.66,34.36,0
19,515,643.40,444.00,64.90,84.66,3
19,516,442.30,643.44,95.37,125.39,3
19,517,784.15,260.43,81.32,49.71,4
20,519,677.92,259.20,43.17,38.33,3
20,520,1159.38,506.14,126.21,115.22,3
20,521,497.09,339.83,70.74,67.41,3
20,522,891.45,221.80,41.90,32.51,3
20,523,762.99,232.52,44.06,35.71,3
20,526,875.56,185.42,35.92,39.13,0
20,528,596.37,247.24,22.09,33.43,0
20,515,642.72,437.85,64.22,82.53,3
20,516,439.46,662.70,86.20,107.63,3
20,517,782.83,261.54,82.53,50.82,4
20,518,490.88,219.57,46.42,41.95,3
21,519,677.28,257.75,42.83,37.89,3
21,520,1164.07,509.54,126.54,116.28,3
21,521,494.66,347.83,70.28,67.10,3
21,522,891.78,222.66,42.10,32.66,3
21,523,763.08,232.75,43.85,35.71,3
21,526,885.94,187.88,37.86,40.68,0
21,528,594.77,247.87,22.54,34.03,0
21,515,643.16,432.47,63.11,79.78,3
21,516,444.02,683.54,73.18,86.16,3
21,517,782.71,262.53,81.58,50.55,4
21,518,489.85,219.94,46.76,42.37,3
22,519,677.14,256.01,42.66,37.67,3
22,520,1168.38,512.70,126.71,117.58,3
22,521,490.10,355.05,73.27,70.25,3
22,522,892.19,223.41,41.82,32.41,3
22,523,763.70,233.18,43.18,35.34,3
22,526,888.81,189.90,39.02,41.48,0
22,528,592.22,248.81,22.87,34.54,0
22,515,643.42,426.68,62.56,77.87,3
22,516,445.32,704.75,60.01,63.74,3
22,517,782.63,263.74,81.44,50.48,4
22,518,488.82,220.61,46.69,42.37,3
23,519,676.96,254.07,42.87,37.80,3
23,520,1174.31,518.37,124.08,116.48,3
23,521,484.99,362.14,73.87,70.72,3
23,522,893.48,224.06,42.05,32.62,3
23,523,762.94,233.56,44.29,36.54,3
23,526,889.41,191.03,39.86,42.01,0
23,528,589.68,249.56,23.22,34.93,0
23,515,643.97,421.39,61.55,75.54,3
23,516,451.75,728.50,43.36,39.30,3
23,517,782.64,264.94,81.55,50.57,4
23,518,488.29,221.44,46.94,42.52,3
23,529,739.19,162.75,35.72,25.21,3
24,519,676.91,251.73,43.02,37.87,3
24,520,1174.18,518.49,128.39,121.72,3
24,521,481.64,370.42,74.91,72.04,3
24,522,894.29,224.72,42.17,32.75,3
24,523,762.95,234.09,44.59,37.01,3
24,526,1138.42,488.53,74.96,80.98,0
24,528,588.21,250.67,22.65,34.03,0
24,515,643.48,415.55,61.12,74.12,3
24,516,668.87,696.48,79.07,70.00,3
24,517,782.32,265.96,81.80,50.77,4
24,518,487.53,222.11,46.99,42.48,3
24,529,739.51,163.05,35.44,25.02,3
25,519,676.55,249.84,43.45,38.22,3
25,520,1180.76,524.78,126.26,120.29,3
25,521,477.54,378.77,75.55,72.65,3
25,522,894.68,225.36,41.74,32.43,3
25,523,763.36,234.67,43.90,36.57,3
25,526,1063.17,363.98,64.11,59.01,0
25,528,586.71,251.07,22.33,33.65,0
25,515,643.24,410.07,60.66,72.71,3
25,516,706.75,686.32,92.12,81.31,3
25,517,781.07,266.43,82.95,51.80,4
25,518,486.27,222.75,47.06,42.43,3
25,529,739.79,163.32,35.42,25.00,3
25,532,878.65,191.57,44.28,43.04,4
26,519,676.55,248.34,43.03,37.71,3
26,520,1185.17,528.97,125.34,120.28,3
26,521,472.03,387.82,77.55,74.70,3
26,522,894.46,226.04,42.60,33.14,3
26,523,763.61,235.13,43.93,36.77,3
26,526,1162.06,400.19,82.82,68.48,0
26,528,848.01,240.76,28.44,35.39,0
26,515,643.06,405.05,59.72,70.70,3
26,516,710.41,672.75,106.25,94.90,3
26,517,781.66,267.83,81.76,51.01,4
26,518,485.33,223.52,47.36,42.56,3
26,529,739.95,163.74,35.39,24.98,3
26,532,879.22,191.89,44.19,42.93,4
26,533,1302.51,682.69,58.47,80.79,3
27,519,676.60,246.73,41.22,36.09,3
27,520,1187.19,529.58,127.21,123.40,3
27,523,763.43,235.78,44.22,37.30,3
27,526,1194.04,416.99,86.85,71.81,0
27,528,941.53,237.44,33.64,36.17,0
27,515,643.00,400.16,59.14,69.18,3
27,516,706.08,658.84,116.90,106.29,3
27,517,781.66,268.98,81.27,50.60,4
27,518,484.59,224.36,47.64,42.77,3
27,529,740.39,164.08,35.21,24.85,3
27,532,880.28,192.44,44.09,42.80,4
27,533,1302.51,682.69,58.47,80.79,3
28,520,1191.25,534.53,126.20,123.85,3
28,523,763.56,236.59,44.47,37.81,3
28,526,1210.00,424.83,92.41,68.27,0
28,528,716.10,246.87,32.82,36.29,0
28,515,642.79,395.61,58.26,67.24,3
28,516,696.57,644.72,129.26,120.76,3
28,517,780.91,269.98,82.01,51.08,4
28,518,483.68,225.15,47.99,43.06,3
28,529,740.38,164.49,35.46,25.01,3
28,532,880.50,192.85,44.06,42.69,4
28,533,1302.51,682.69,58.47,80.79,3
28,521,462.19,406.36,80.60,77.95,3
28,522,895.57,227.45,42.10,32.78,3
29,520,1197.75,539.05,122.96,122.12,3
29,523,763.79,237.53,44.33,37.96,3
29,526,1213.46,428.71,101.65,68.91,0
29,528,888.71,240.93,38.10,36.91,0
29,515,642.44,391.19,57.55,65.43,3
29,516,689.70,633.67,135.91,130.95,3
29,517,781.15,271.36,82.03,51.40,4
29,518,482.75,226.17,48.38,43.32,3
29,529,740.33,165.02,35.81,25.29,3
29,532,881.23,193.35,44.22,42.74,4
29,533,606.34,271.37,26.94,37.38,3
29,521,456.04,415.64,84.02,81.59,3
29,522,895.92,228.14,42.02,32.64,3
29,519,676.40,242.41,41.23,36.04,3
30,520,1204.55,545.65,121.04,120.98,3
30,526,1242.84,444.16,105.76,71.69,0
30,528,954.02,238.85,43.04,37.49,0
30,515,641.80,386.17,57.58,64.65,3
30,516,684.25,622.11,140.72,139.94,3
30,517,781.70,272.32,81.42,50.99,4
30,518,482.36,227.16,48.61,43.41,3
30,529,740.07,165.16,35.58,25.14,3
30,532,881.52,193.76,44.57,42.96,4
30,533,568.99,250.49,24.83,34.63,3
30,521,449.67,425.81,86.88,84.51,3
30,522,896.70,228.68,42.05,32.53,3
30,519,676.65,240.75,39.99,34.89,3
31,528,986.25,238.19,43.44,37.84,0
31,515,642.19,381.53,56.75,63.03,3
31,516,681.40,608.68,138.78,142.35,3
31,517,781.16,273.24,81.80,51.21,4
31,518,481.61,227.86,49.00,43.74,3
31,529,740.01,165.40,35.83,25.37,3
31,532,882.08,194.68,44.29,42.69,4
31,533,551.83,243.15,24.52,34.22,3
31,521,443.87,436.63,89.78,87.37,3
31,522,897.37,229.46,42.21,32.62,3
31,519,676.46,239.19,40.32,35.08,3
31,523,765.62,238.65,42.50,36.57,3
32,528,970.70,269.98,70.10,61.52,0
32,515,642.27,376.32,56.70,62.17,3
32,516,680.95,599.19,130.56,137.37,3
32,517,781.83,274.04,81.32,50.79,4
32,518,481.10,228.38,48.71,43.40,3
32,529,740.07,165.77,36.27,25.72,3
32,532,882.39,195.81,43.86,42.10,4
32,533,548.97,242.49,24.78,34.71,3
32,521,438.64,448.47,89.49,87.45,3
32,522,898.00,229.95,42.26,32.64,3
32,519,675.78,237.52,40.40,34.99,3
32,523,765.15,238.90,42.42,36.51,3
32,526,1211.38,433.86,110.50,71.06,0
33,517,781.66,274.80,81.91,51.09,4
33,518,479.71,228.53,49.49,44.02,3
33,529,740.08,166.04,36.14,25.66,3
33,532,883.10,195.93,44.12,42.26,4
33,533,550.63,245.57,24.30,34.24,3
33,521,430.88,458.52,94.21,92.68,3
33,522,898.51,230.60,42.50,32.83,3
33,519,675.21,235.53,40.54,35.10,3
33,523,766.03,239.61,42.26,36.59,3
33,526,1236.09,447.49,110.10,70.80,0
33,520,782.54,580.81,119.10,123.50,3
34,518,479.43,228.57,49.75,44.24,3
34,529,740.11,166.38,36.02,25.61,3
34,532,883.67,196.05,44.25,42.34,4
34,533,512.36,224.54,22.69,31.98,3
34,521,423.22,470.28,98.04,97.30,3
34,522,898.98,231.06,42.31,32.68,3
34,519,675.17,233.31,40.70,35.28,3
34,523,765.81,240.08,42.00,36.53,3
34,526,1209.24,438.90,111.90,67.32,0
34,520,686.86,579.28,115.99,123.30,3
34,515,641.31,366.83,56.93,60.99,3
34,516,609.99,337.05,55.43,60.56,3
35,533,474.08,203.51,21.09,29.72,3
35,521,415.23,482.70,101.88,101.95,3
35,522,898.96,230.88,43.56,33.80,3
35,519,675.99,231.99,39.26,33.96,3
35,523,765.84,240.67,42.14,36.83,3
35,526,1229.79,450.59,111.01,66.78,0
35,520,654.08,573.16,109.01,118.28,3
35,515,640.24,362.86,56.71,60.28,3
35,516,636.18,314.67,49.66,54.24,3
35,517,781.63,276.57,82.17,51.45,4
36,522,899.72,231.57,42.72,33.16,3
36,519,675.77,230.31,38.91,33.52,3
36,523,766.17,241.35,42.19,36.97,3
36,526,1215.54,444.82,119.82,66.89,0
36,520,644.08,560.56,103.96,115.12,3
36,515,639.04,357.62,56.97,60.16,3
36,516,662.37,292.29,43.88,47.93,3
36,517,781.52,276.96,82.70,52.11,4
36,518,477.67,229.70,50.33,44.75,3
36,529,740.48,166.89,35.47,25.25,3
36,532,883.73,196.88,44.03,42.03,4
37,519,676.30,228.61,38.69,33.21,3
37,523,766.62,241.79,41.91,36.78,3
37,526,1211.22,445.80,127.56,68.47,0
37,520,643.86,550.56,97.96,110.29,3
37,515,638.93,353.93,55.96,58.55,3
37,516,688.56,269.90,38.10,41.62,3
37,517,782.00,277.92,82.30,51.83,4
37,518,476.73,229.74,50.06,44.49,3
37,529,740.80,166.92,35.05,24.90,3
37,532,884.39,197.80,43.94,41.99,4
37,528,992.44,247.62,53.22,41.14,0
37,533,552.35,253.55,23.98,34.00,3
37,521,398.61,510.63,107.58,109.07,3
38,520,645.60,537.67,94.32,107.63,3
38,515,639.60,349.48,55.52,57.80,3
38,516,714.75,247.52,32.32,35.31,3
38,517,782.06,278.41,82.94,52.24,4
38,518,476.19,230.25,50.08,44.41,3
38,529,740.57,167.05,35.16,24.99,3
38,532,884.97,197.61,44.04,42.14,4
38,528,1014.62,249.18,51.49,39.80,0
38,533,536.71,245.44,24.68,34.98,3
38,521,389.03,523.37,112.81,115.84,3
38,522,900.93,232.70,42.75,33.30,3
39,516,740.94,225.14,26.54,28.99,3
39,517,782.28,279.38,82.71,52.36,4
39,518,475.93,230.77,50.24,44.60,3
39,529,740.69,167.28,35.56,25.30,3
39,532,885.67,197.76,44.20,42.34,4
39,528,1036.80,250.75,49.75,38.46,0
39,533,547.92,255.37,24.69,35.04,3
39,521,378.55,536.74,119.94,124.83,3
39,522,901.24,233.36,42.75,33.33,3
39,519,676.03,224.61,38.82,33.13,3
39,523,766.52,242.25,43.22,38.04,3
39,526,1052.89,315.89,94.05,47.35,0
40,518,475.20,230.98,50.08,44.58,3
40,529,740.73,167.51,35.59,25.32,3
40,532,886.18,198.23,44.24,42.48,4
40,528,983.96,245.04,54.68,37.29,0
40,533,547.59,257.37,25.17,35.90,3
40,521,368.34,551.22,124.29,130.22,3
40,522,901.75,233.83,42.93,33.55,3
40,519,675.73,222.74,38.66,32.92,3
40,523,766.25,242.66,44.17,38.97,3
40,526,1048.19,308.77,89.58,45.10,0
40,520,650.06,517.57,86.02,100.02,3
40,515,638.47,340.70,55.32,57.15,3
41,529,740.98,167.66,35.53,25.27,3
41,532,886.79,198.52,44.15,42.46,4
41,528,979.49,244.94,59.21,37.28,0
41,533,670.98,303.28,23.45,33.32,3
41,521,357.37,567.34,129.50,137.20,3
41,522,902.20,233.98,43.06,33.71,3
41,519,675.46,220.74,38.24,32.54,3
41,523,766.14,243.06,44.41,39.20,3
41,526,1043.48,301.65,85.10,42.84,0
41,520,652.70,507.26,83.70,98.09,3
41,515,638.73,336.44,54.90,56.43,3
41,516,1243.78,458.05,68.48,57.00,3
41,517,782.46,280.68,83.15,52.77,4
42,532,886.50,199.06,44.40,42.74,4
42,521,347.21,584.74,134.02,143.25,3
42,522,903.13,233.95,43.40,34.06,3
42,519,675.36,219.65,37.41,31.92,3
42,523,766.65,243.30,43.99,38.88,3
42,526,1038.78,294.53,80.62,40.59,0
42,520,655.77,501.56,77.27,90.28,3
42,515,637.74,332.90,54.59,55.88,3
42,516,1317.65,463.62,73.05,60.80,3
42,517,783.02,281.34,82.70,52.49,4
42,518,473.87,231.80,50.14,44.87,3
43,532,886.75,199.18,44.42,42.71,4
43,521,335.32,599.91,142.36,154.12,3
43,523,767.18,244.20,43.45,38.57,3
43,526,1034.08,287.42,76.15,38.33,0
43,520,657.74,492.60,74.43,87.29,3
43,515,637.88,328.73,53.51,54.61,3
43,516,1391.53,469.19,77.61,64.60,3
43,517,783.54,282.05,82.38,52.27,4
43,518,473.22,232.23,50.04,44.92,3
43,529,740.66,167.94,35.78,25.40,3
43,528,974.56,245.18,65.94,37.50,0
44,532,887.34,199.45,44.60,42.84,4
44,526,1029.37,280.30,71.67,36.08,0
44,520,657.51,482.03,74.70,88.33,3
44,515,637.80,325.12,52.93,53.86,3
44,516,1465.41,474.76,82.18,68.40,3
44,517,783.97,283.15,83.20,52.91,4
44,518,472.80,232.74,50.08,45.09,3
44,529,740.55,168.14,36.19,25.68,3
44,528,973.30,245.01,69.39,38.12,0
44,522,904.25,234.55,44.12,34.77,3
44,519,675.80,215.39,37.87,32.43,3
45,520,657.55,472.73,73.19,87.09,3
45,515,638.32,321.38,52.59,53.41,3
45,516,1539.28,480.32,86.75,72.20,3
45,517,784.49,283.96,83.19,53.02,4
45,518,472.14,233.18,49.99,45.11,3
45,529,740.57,168.35,36.16,25.61,3
45,528,972.68,245.48,71.55,38.20,0
45,522,904.90,234.80,43.81,34.54,3
45,519,675.76,214.03,37.47,31.92,3
45,533,559.65,267.56,25.35,36.38,3
45,523,767.68,245.23,44.17,39.35,3
46,515,638.77,317.99,51.66,52.34,3
46,516,1613.16,485.89,91.31,76.00,3
46,517,784.04,284.71,83.65,53.45,4
46,518,471.69,233.84,50.27,45.45,3
46,529,740.81,168.49,36.34,25.67,3
46,528,970.34,245.95,73.53,38.34,0
46,522,905.40,235.10,43.59,34.35,3
46,519,675.52,212.47,37.37,31.74,3
46,533,545.18,263.80,25.35,36.44,3
46,523,768.03,245.05,44.59,39.83,3
46,521,336.82,657.35,105.19,113.95,3
46,532,888.12,199.75,44.89,43.05,4
47,516,1687.04,491.46,95.88,79.80,3
47,517,783.33,284.98,85.12,54.64,4
47,518,471.23,234.11,50.43,45.70,3
47,529,741.03,168.75,36.68,25.86,3
47,528,970.21,246.36,75.94,38.83,0
47,522,905.39,235.74,43.79,34.46,3
47,519,676.01,210.95,36.92,31.25,3
47,533,537.60,262.42,26.29,37.73,3
47,523,768.01,245.34,44.94,40.21,3
47,521,337.17,682.73,85.16,88.00,3
47,532,887.96,199.97,45.28,43.32,4
47,520,659.33,455.40,69.36,82.81,3
48,517,783.83,285.23,84.67,54.48,4
48,518,470.74,234.64,50.47,45.79,3
48,529,741.38,168.26,36.97,26.01,3
48,528,970.21,246.62,77.76,39.22,0
48,522,906.24,236.27,43.86,34.45,3
48,519,675.79,209.41,36.71,30.88,3
48,533,534.86,263.19,26.02,37.34,3
48,523,768.50,246.02,44.29,39.67,3
48,521,335.52,705.69,66.95,62.85,3
48,532,888.98,199.65,45.74,43.80,4
48,520,658.39,446.86,69.14,82.39,3
48,515,638.78,310.64,51.19,51.68,3
49,518,470.33,234.98,50.38,45.77,3
49,529,740.98,168.15,37.27,26.15,3
49,528,969.69,247.13,79.08,39.36,0
49,522,906.75,236.70,43.89,34.38,3
49,519,675.55,207.89,36.95,31.09,3
49,533,532.47,263.70,25.58,36.97,3
49,523,769.03,246.61,43.66,39.16,3
49,521,332.94,722.69,57.78,54.24,3
49,532,888.78,199.81,46.55,44.62,4
49,520,658.03,439.99,67.50,80.48,3
49,515,638.74,307.23,50.83,51.12,3
50,529,740.90,168.36,37.36,26.16,3
50,528,969.62,247.68,80.13,39.39,0
50,522,907.27,237.14,43.90,34.27,3
50,519,676.19,206.53,36.34,30.60,3
50,533,530.29,264.79,24.67,35.98,3
50,523,769.07,247.14,43.61,39.05,3
50,521,330.36,739.69,48.60,45.62,3
50,532,889.33,199.98,46.92,44.95,4
50,520,658.87,433.50,65.09,77.57,3
50,515,639.20,303.41,50.76,50.99,3
50,517,784.19,286.68,84.86,54.92,4
51,529,740.93,168.64,37.78,26.47,3
51,522,907.51,237.72,44.25,34.35,3
51,519,676.29,205.94,35.70,29.82,3
51,533,527.99,265.28,24.64,36.34,3
51,523,769.16,247.96,43.00,38.57,3
51,521,327.78,756.69,39.43,37.01,3
51,532,889.48,200.55,46.97,44.95,4
51,520,659.06,426.56,63.61,75.62,3
51,515,639.77,300.24,49.89,50.00,3
51,517,784.15,287.88,84.91,55.10,4
51,518,468.40,235.86,50.01,45.34,3
52,522,907.55,238.37,44.83,34.71,3
52,519,676.57,204.66,35.67,29.60,3
52,533,526.66,266.24,24.36,36.18,3
52,523,769.48,248.73,43.07,38.68,3
52,521,325.20,773.69,30.25,28.40,3
52,532,889.61,200.85,46.94,44.91,4
52,520,659.63,420.46,62.07,73.31,3
52,515,639.74,296.68,49.92,49.94,3
52,517,782.93,288.05,86.76,56.35,4
52,518,467.19,235.98,50.91,46.14,3
52,526,1088.44,451.52,159.24,86.72,0
52,528,971.19,249.74,81.35,38.83,0
53,519,676.83,203.27,35.53,29.30,3
53,533,525.45,267.83,23.86,35.41,3
53,523,769.75,249.30,43.23,38.81,3
53,521,322.62,790.70,21.08,19.79,3
53,532,890.06,201.28,47.42,45.36,4
53,520,659.79,414.49,60.26,70.70,3
53,515,639.97,293.72,49.99,49.87,3
53,517,782.60,289.06,86.75,56.35,4
53,518,466.96,236.93,50.60,45.77,3
53,526,1091.48,456.81,158.61,90.83,0
53,528,971.08,250.30,82.78,39.17,0
53,529,740.56,169.14,37.80,26.49,3
54,533,523.92,269.32,23.97,35.66,3
54,523,769.85,250.10,42.51,38.09,3
54,532,890.06,201.57,47.63,45.58,4
54,520,659.45,408.92,59.34,69.18,3
54,515,640.61,290.62,48.94,48.59,3
54,517,783.03,290.60,85.65,55.55,4
54,518,465.70,237.33,51.03,46.11,3
54,526,1096.10,459.17,157.16,93.56,0
54,528,969.55,250.80,84.07,39.38,0
54,529,740.86,169.44,37.77,26.48,3
54,522,907.63,239.54,46.51,35.81,3
55,532,890.46,202.12,47.83,45.83,4
55,520,658.78,403.58,58.34,67.46,3
55,515,640.64,287.36,48.83,48.33,3
55,517,783.32,291.86,85.77,55.54,4
55,518,464.28,237.96,51.36,46.35,3
55,526,1096.90,466.75,163.19,97.15,0
55,528,969.97,251.30,84.62,39.46,0
55,529,741.15,169.66,37.73,26.45,3
55,522,908.34,240.44,46.74,35.89,3
55,519,676.32,199.85,36.72,30.09,3
56,520,658.84,398.36,57.00,65.53,3
56,515,641.77,284.85,47.56,47.01,3
56,517,783.38,292.83,86.16,55.73,4
56,518,463.77,238.39,51.53,46.51,3
56,526,1097.71,474.33,169.22,100.74,0
56,528,970.27,251.01,85.77,39.86,0
56,529,741.21,169.73,37.51,26.22,3
56,522,907.84,240.44,47.33,36.28,3
56,519,675.39,198.36,37.20,30.36,3
56,533,518.91,269.93,25.18,37.42,3
56,523,769.10,250.96,43.77,39.17,3
57,515,642.14,281.87,47.34,46.77,3
57,517,783.05,293.62,86.51,55.80,4
57,518,463.56,238.72,51.44,46.42,3
57,526,1098.52,481.90,175.25,104.33,0
57,528,970.58,252.34,85.13,39.36,0
57,529,741.21,170.12,37.79,26.47,3
57,522,908.41,241.36,46.95,35.92,3
57,519,674.66,197.28,38.09,30.95,3
57,533,516.67,270.34,24.43,36.65,3
57,523,769.50,251.34,43.80,39.20,3
57,532,892.01,203.26,46.92,45.20,4
58,517,782.64,294.67,86.81,55.94,4
58,518,463.19,239.31,51.63,46.61,3
58,526,1099.32,489.48,181.29,107.92,0
58,528,801.49,282.88,68.43,33.87,0
58,529,740.83,170.42,37.44,26.28,3
58,522,907.99,241.22,47.59,36.40,3
58,519,673.99,195.90,37.78,30.74,3
58,533,514.97,270.69,24.51,37.11,3
58,523,769.77,251.82,43.95,39.36,3
58,532,892.68,203.66,46.32,44.73,4
58,520,658.47,387.09,55.74,62.89,3
59,518,462.61,240.06,51.93,46.92,3
59,526,1100.13,497.06,187.32,111.51,0
59,528,917.60,264.23,75.98,37.07,0
59,529,741.16,171.09,37.04,25.95,3
59,522,908.68,241.61,47.73,36.57,3
59,519,674.42,194.99,36.31,29.59,3
59,533,513.17,271.34,24.36,37.29,3
59,523,770.04,252.72,44.15,39.41,3
59,532,893.17,204.24,46.58,45.10,4
59,520,657.71,381.91,55.36,61.99,3
59,516,640.98,178.37,37.06,31.73,3
59,515,642.70,276.89,46.41,45.52,3
60,528,954.13,258.48,79.80,38.52,0
60,529,741.18,170.99,37.21,26.08,3
60,522,910.12,242.26,47.63,36.45,3
60,519,674.44,193.32,36.59,29.89,3
60,533,511.33,272.16,23.81,36.77,3
60,523,770.40,253.69,43.32,38.57,3
60,532,892.88,204.60,47.07,45.64,4
60,520,656.60,376.46,55.09,61.31,3
60,516,612.66,164.46,33.83,28.97,3
60,515,642.05,273.64,47.26,46.27,3
60,517,780.43,296.41,88.64,57.30,4
61,528,968.00,255.93,82.98,39.77,0
61,529,741.61,171.80,36.75,25.81,3
61,522,910.38,242.87,47.71,36.53,3
61,519,674.10,193.06,36.46,29.90,3
61,533,509.08,274.00,23.76,36.83,3
61,523,769.54,254.01,44.38,39.54,3
61,532,893.36,204.72,47.43,46.02,4
61,520,657.05,371.62,54.10,59.73,3
61,516,604.45,173.87,36.47,31.94,3
61,515,641.94,271.14,46.49,45.26,3
61,517,779.66,297.49,88.67,57.28,4
61,518,461.04,241.65,51.45,46.35,3
61,526,1219.17,488.97,139.49,85.18,0
62,528,973.54,255.92,83.70,39.86,0
62,529,741.80,172.34,36.33,25.50,3
62,522,910.65,243.44,47.75,36.57,3
62,519,673.31,191.86,36.65,30.09,3
62,533,506.89,274.56,24.36,37.77,3
62,523,769.53,254.98,44.28,39.41,3
62,532,893.75,204.89,47.44,46.07,4
62,520,657.31,366.80,53.62,58.77,3
62,516,598.62,173.17,35.70,31.73,3
62,515,642.38,268.51,46.50,45.24,3
62,517,776.87,298.42,90.24,58.19,4
62,518,460.16,242.40,51.98,46.70,3
62,526,1232.05,490.87,134.80,84.28,0
63,528,975.15,256.08,85.00,40.16,0
63,529,741.82,172.85,36.52,25.62,3
63,522,910.64,243.97,47.48,36.39,3
63,519,673.31,191.25,35.68,29.29,3
63,533,504.06,276.31,24.18,37.43,3
63,523,769.88,255.79,44.44,39.61,3
63,532,894.06,206.01,47.22,45.85,4
63,520,656.89,362.67,52.90,57.55,3
63,516,597.74,175.22,35.34,31.66,3
63,515,642.93,266.20,46.55,45.23,3
63,517,775.64,299.76,91.30,58.81,4
63,518,459.59,242.90,51.91,46.47,3
63,526,1240.89,497.93,124.98,79.11,0
64,528,976.34,256.60,85.52,40.20,0
64,529,741.00,172.69,37.04,26.08,3
64,522,911.60,245.27,47.01,36.11,3
64,519,673.72,190.53,34.81,28.50,3
64,533,502.41,277.19,24.19,37.48,3
64,523,769.99,256.51,43.76,38.89,3
64,532,894.09,206.92,47.25,45.84,4
64,520,657.67,358.48,51.76,56.02,3
64,516,598.05,177.77,35.27,31.82,3
64,515,643.46,263.76,45.68,44.14,3
64,517,775.23,300.59,91.17,58.57,4
64,518,458.51,243.58,51.95,46.46,3
64,526,1243.81,500.38,124.07,80.03,0
65,528,977.31,258.50,85.44,39.95,0
65,529,741.02,173.09,37.70,26.65,3
65,522,911.89,245.71,47.13,36.24,3
65,519,673.25,189.92,34.47,28.08,3
65,533,500.19,276.79,24.87,38.84,3
65,523,770.42,257.55,43.88,39.01,3
65,532,893.99,207.75,46.99,45.56,4
65,520,657.63,354.58,50.74,54.35,3
65,516,598.64,180.64,35.93,32.59,3
65,515,643.97,261.01,45.21,43.48,3
65,517,775.21,301.85,91.10,58.67,4
65,518,457.59,244.38,52.27,46.76,3
65,526,1245.65,504.33,122.44,79.97,0
65,521,1139.57,480.59,109.36,98.72,3
66,528,978.43,259.73,84.92,39.42,0
66,529,741.72,173.52,37.87,26.77,3
66,519,673.42,189.59,34.28,27.75,3
66,533,499.10,278.22,24.54,38.64,3
66,523,770.42,258.10,44.81,39.74,3
66,532,895.19,207.72,47.48,46.00,4
66,520,658.31,349.62,50.78,54.06,3
66,516,599.21,182.92,35.91,32.74,3
66,515,645.24,259.04,44.85,43.08,3
66,517,774.82,302.79,91.39,58.74,4
66,518,458.08,245.67,52.86,47.25,3
66,526,1249.28,505.72,119.55,79.59,0
66,521,1182.84,466.31,115.95,104.66,3
67,528,978.93,260.01,86.74,40.09,0
67,529,742.07,173.70,37.85,26.70,3
67,533,495.36,274.97,26.91,43.10,3
67,523,771.00,258.48,45.35,40.09,3
67,532,897.04,208.73,47.44,45.96,4
67,520,657.89,345.09,52.55,55.83,3
67,516,599.85,185.48,36.43,33.25,3
67,515,646.11,256.46,44.58,42.69,3
67,517,774.83,303.72,92.04,59.18,4
67,518,458.10,246.48,52.98,47.32,3
67,526,1253.56,509.54,115.41,78.29,0
67,521,1226.10,452.04,122.53,110.60,3
67,522,914.75,247.53,47.54,36.59,3
68,528,979.60,260.47,87.75,40.26,0
68,523,771.05,258.99,46.14,40.70,3
68,532,897.00,209.12,48.02,46.52,4
68,520,658.05,341.32,50.99,53.93,3
68,516,600.23,187.83,36.95,33.68,3
68,515,646.69,253.81,44.38,42.37,3
68,517,775.81,305.51,90.55,58.24,4
68,518,457.27,247.15,53.41,47.60,3
68,526,1259.97,515.00,113.55,77.03,0
68,521,1269.37,437.77,129.11,116.54,3
68,522,915.93,248.52,47.99,37.01,3
68,519,673.61,186.94,36.02,28.85,3
69,523,770.92,259.53,45.84,40.38,3
69,532,896.97,209.54,48.67,47.22,4
69,520,657.96,337.66,49.85,52.16,3
69,516,599.99,189.72,37.32,34.04,3
69,515,647.26,251.50,44.46,42.52,3
69,517,776.35,307.05,89.65,57.65,4
69,518,456.59,247.67,53.45,47.56,3
69,526,1255.61,511.73,116.40,80.94,0
69,521,1312.63,423.50,135.70,122.49,3
69,522,916.77,249.20,47.99,37.04,3
69,519,673.83,185.75,36.30,28.94,3
69,529,742.98,174.36,37.97,26.63,3
69,533,493.11,281.12,23.74,38.32,3
70,523,770.86,260.40,46.01,40.51,3
70,520,658.15,333.37,49.00,50.86,3
70,516,599.58,191.88,37.46,34.19,3
70,515,647.57,249.37,44.08,42.30,3
70,517,775.19,308.12,90.65,58.42,4
70,518,456.59,248.13,53.03,47.11,3
70,526,1257.29,512.64,115.78,82.59,0
70,521,1355.90,409.23,142.28,128.43,3
70,522,917.29,249.66,47.79,36.91,3
70,519,673.63,184.56,36.58,28.97,3
70,529,742.66,174.63,37.86,26.51,3
70,533,491.57,281.66,23.85,38.72,3
71,523,771.45,261.45,46.59,40.99,3
71,516,598.01,194.13,38.31,35.01,3
71,515,648.87,247.55,42.85,41.18,3
71,517,774.44,309.41,91.17,58.87,4
71,518,455.95,248.81,53.50,47.51,3
71,526,1256.88,513.13,115.80,84.58,0
71,521,1399.16,394.96,148.87,134.37,3
71,522,917.33,250.06,48.88,37.78,3
71,519,673.90,183.78,36.40,28.65,3
71,529,742.79,174.98,38.18,26.69,3
71,533,489.71,284.22,23.32,37.73,3
71,528,982.13,262.86,88.82,40.50,0
71,532,897.66,210.45,48.84,47.43,4
72,516,597.22,196.65,38.60,35.27,3
72,515,649.16,245.58,42.56,40.82,3
72,517,773.17,310.93,91.87,59.45,4
72,518,454.76,249.18,53.70,47.63,3
72,526,1259.68,516.74,112.63,84.23,0
72,521,1442.43,380.69,155.45,140.32,3
72,522,917.22,250.91,48.50,37.47,3
72,519,674.31,182.99,36.53,28.52,3
72,529,742.59,175.35,38.68,27.02,3
72,533,487.51,287.12,22.50,36.04,3
72,528,981.34,263.82,90.08,40.97,0
72,532,898.37,210.78,48.63,47.19,4
72,520,658.44,325.90,48.30,49.48,3
73,515,649.25,243.63,42.82,41.02,3
73,517,771.73,311.62,92.72,60.17,4
73,518,454.60,249.61,53.13,47.09,3
73,526,1260.98,519.85,113.37,87.21,0
73,521,1485.69,366.42,162.03,146.26,3
73,522,918.24,251.58,48.33,37.38,3
73,519,674.59,182.28,36.68,28.37,3
73,529,742.55,175.56,38.43,26.86,3
73,533,485.72,288.31,22.05,35.11,3
73,528,982.19,264.62,90.66,41.10,0
73,532,899.27,211.24,48.16,46.80,4
73,520,658.46,321.90,48.22,49.22,3
73,523,771.95,263.11,46.98,41.28,3
74,517,771.27,312.36,93.07,60.52,4
74,518,454.27,250.34,53.62,47.56,3
74,526,1266.15,524.29,108.08,85.38,0
74,521,1528.95,352.15,168.62,152.20,3
74,522,919.23,252.35,48.56,37.62,3
74,519,675.26,181.72,35.59,27.30,3
74,529,743.31,176.25,38.38,26.76,3
74,533,483.77,287.85,22.91,36.62,3
74,528,982.64,265.32,92.14,41.68,0
74,532,900.23,211.75,48.06,46.75,4
74,520,658.87,318.27,47.25,47.78,3
74,523,772.86,263.70,46.81,41.07,3
74,516,596.35,201.10,39.07,35.93,3
75,517,771.48,313.41,95.20,62.23,4
75,526,1268.43,527.79,107.48,87.74,0
75,521,1572.22,337.88,175.20,158.14,3
75,522,922.18,253.11,48.29,37.43,3
75,519,676.99,181.19,34.96,26.70,3
75,529,745.86,176.61,38.33,26.64,3
75,533,483.29,287.53,22.86,36.64,3
75,528,986.53,266.84,91.84,41.43,0
75,532,902.15,212.62,47.95,46.41,4
75,520,660.41,314.59,47.59,47.73,3
75,523,775.85,264.60,46.23,40.57,3
75,516,597.15,203.38,39.31,36.17,3
75,515,652.31,240.05,42.09,40.13,3
76,517,773.80,315.78,94.65,62.06,4
76,521,1615.48,323.61,181.79,164.09,3
76,522,925.42,254.28,48.65,37.68,3
76,519,680.48,180.79,34.85,26.58,3
76,529,748.48,177.21,38.65,26.89,3
76,533,823.13,326.99,24.49,39.29,3
76,528,989.71,267.98,91.94,41.39,0
76,532,905.95,212.93,49.15,47.62,4
76,520,662.47,310.76,47.05,46.80,3
76,523,778.76,266.33,45.66,39.97,3
76,516,598.98,205.82,39.62,36.40,3
76,515,655.58,238.57,41.32,39.32,3
76,518,458.67,251.88,53.34,47.17,3
77,522,927.11,254.53,49.20,38.16,3
77,519,681.69,180.08,35.17,26.77,3
77,529,749.92,177.46,38.66,26.95,3
77,533,860.38,332.23,24.57,39.43,3
77,528,990.89,268.94,92.70,41.71,0
77,532,908.22,214.12,49.09,47.62,4
77,520,663.44,307.16,46.94,46.57,3
77,523,780.85,267.25,45.41,39.73,3
77,516,599.94,208.57,39.78,36.65,3
77,515,657.83,236.45,41.35,39.29,3
77,518,459.09,252.86,53.81,47.56,3
78,519,682.19,179.28,35.58,27.04,3
78,529,750.33,177.73,38.92,27.20,3
78,533,897.64,337.47,24.65,39.56,3
78,528,990.60,268.81,93.63,42.05,0
78,532,909.44,215.11,49.28,47.85,4
78,520,664.27,303.66,46.95,46.50,3
78,523,780.36,267.99,46.41,40.69,3
78,516,599.57,211.03,40.10,36.86,3
78,515,658.26,234.71,41.27,38.99,3
78,518,458.99,253.38,54.42,48.04,3
78,526,1282.99,539.79,93.80,82.37,0
78,517,772.88,318.86,95.09,62.71,4
78,521,660.33,142.20,30.80,28.92,3
79,529,751.29,178.06,38.82,27.20,3
79,533,934.90,342.72,24.74,39.70,3
79,528,991.67,270.04,93.37,41.96,0
79,532,910.25,215.79,49.29,47.81,4
79,520,664.51,301.11,45.52,44.72,3
79,523,780.51,268.61,46.91,41.16,3
79,516,598.59,213.07,40.88,37.74,3
79,515,658.50,233.20,40.91,38.39,3
79,518,458.22,254.19,54.91,48.51,3
79,526,1286.37,543.53,88.57,80.63,0
79,517,771.24,320.11,95.55,63.11,4
79,521,583.24,131.27,18.04,17.21,3
79,522,928.86,256.02,49.33,38.35,3
80,533,972.15,347.96,24.82,39.83,3
80,528,991.99,270.14,95.24,42.94,0
80,532,909.60,216.07,50.02,48.50,4
80,520,664.42,297.49,45.52,44.63,3
80,523,780.30,269.03,47.59,41.92,3
80,516,596.98,216.58,41.01,37.94,3
80,515,533.97,274.91,36.75,35.71,3
80,518,457.70,255.10,54.86,48.48,3
80,526,1287.75,545.07,88.85,84.35,0
80,517,771.16,321.05,94.77,62.63,4
80,521,581.41,130.99,18.07,17.55,3
80,522,929.80,257.54,49.03,38.07,3
80,519,683.28,177.44,35.00,26.50,3
81,532,909.86,216.57,50.37,48.83,4
81,520,664.26,294.75,44.93,43.89,3
81,523,780.83,270.27,47.19,41.57,3
81,516,596.77,219.22,41.04,38.08,3
81,515,519.96,277.97,36.22,35.19,3
81,518,457.17,255.95,55.40,48.95,3
81,526,1288.11,544.73,89.38,88.59,0
81,517,768.94,322.87,95.85,63.49,4
81,521,644.41,211.27,34.14,32.80,3
81,522,930.28,258.50,48.73,37.86,3
81,519,683.12,176.61,35.00,26.48,3
81,529,751.51,179.14,38.71,27.29,3
82,520,664.16,291.21,45.31,44.18,3
82,523,780.84,271.21,47.21,41.64,3
82,516,595.54,222.03,41.72,38.84,3
82,515,505.95,281.02,35.69,34.68,3
82,518,455.60,256.33,56.28,49.75,3
82,526,1287.18,544.86,93.11,96.67,0
82,517,766.66,324.29,97.76,65.08,4
82,521,669.60,242.18,41.17,39.25,3
82,522,930.88,258.73,48.88,38.01,3
82,519,682.77,175.75,35.38,26.79,3
82,529,751.26,179.57,38.42,27.08,3
82,528,994.82,272.88,93.66,42.28,0
83,520,664.13,288.74,44.69,43.49,3
83,523,781.66,272.09,46.78,41.35,3
83,516,593.96,224.83,42.23,39.35,3
83,515,568.62,152.58,20.47,20.06,3
83,518,454.87,256.84,56.62,50.17,3
83,526,1289.64,545.84,91.61,99.95,0
83,517,764.22,325.66,100.13,67.02,4
83,521,677.43,251.19,43.80,41.53,3
83,522,930.89,259.22,49.37,38.44,3
83,519,682.86,175.20,35.15,26.64,3
83,529,751.27,180.07,39.02,27.49,3
83,528,998.35,274.53,90.11,40.42,0
83,532,911.25,217.23,51.23,49.62,4
84,516,593.22,227.89,42.20,39.30,3
84,515,563.29,140.71,18.31,17.95,3
84,518,454.64,257.97,56.38,50.00,3
84,526,1291.11,548.46,92.92,101.37,0
84,517,763.08,326.81,100.67,67.66,4
84,521,677.83,250.50,44.41,42.05,3
84,522,930.64,259.79,50.22,39.24,3
84,519,683.04,174.63,34.91,26.50,3
84,529,751.24,180.52,39.38,27.74,3
84,528,998.50,275.21,91.94,41.12,0
84,532,912.02,218.55,50.16,48.45,4
85,526,1292.58,551.07,94.22,102.80,0
85,517,761.00,326.90,101.57,68.22,4
85,521,703.81,283.49,51.12,48.40,3
85,522,931.64,260.73,49.64,38.80,3
85,519,683.00,174.03,34.65,26.32,3
85,529,751.30,181.01,39.37,27.74,3
85,528,999.67,275.69,90.19,40.14,0
85,532,912.14,218.73,49.98,48.21,4
85,520,664.49,282.80,44.16,42.65,3
85,523,782.11,272.99,46.69,41.40,3
86,521,729.78,316.48,57.82,54.74,3
86,522,931.91,261.29,49.26,38.49,3
86,519,684.12,173.29,33.38,25.35,3
86,529,751.12,181.69,39.40,27.79,3
86,528,998.04,275.67,93.21,41.39,0
86,532,912.48,219.76,49.75,47.88,4
86,520,664.34,279.33,44.03,42.39,3
86,523,782.67,273.51,47.10,41.90,3
86,516,590.14,233.20,44.65,41.71,3
86,518,452.74,258.69,56.78,50.52,3
87,522,932.48,262.33,50.06,39.00,3
87,519,684.46,172.75,33.12,25.15,3
87,529,751.50,182.20,39.38,27.74,3
87,528,996.89,276.18,96.36,42.76,0
87,532,912.73,220.08,49.90,48.01,4
87,520,664.53,277.14,43.27,41.44,3
87,523,782.84,275.05,46.39,41.25,3
87,516,589.04,237.04,44.63,41.61,3
87,518,451.45,259.74,57.48,51.27,3
87,515,457.96,297.05,32.77,33.64,3
87,517,758.44,331.11,101.01,68.24,4
88,522,933.04,262.72,51.02,39.70,3
88,519,684.40,172.23,33.38,25.32,3
88,529,751.51,182.00,39.86,28.10,3
88,528,997.75,277.29,97.51,43.20,0
88,532,912.71,220.57,50.60,48.70,4
88,520,664.74,274.45,42.64,40.60,3
88,523,782.01,275.96,47.32,42.22,3
88,516,586.69,239.85,45.85,42.72,3
88,518,450.21,260.71,57.62,51.55,3
88,515,447.48,310.11,32.49,34.49,3
88,517,754.66,332.01,103.52,69.85,4
89,522,933.28,263.39,51.40,39.99,3
89,519,684.43,171.72,33.45,25.36,3
89,529,751.04,182.72,39.81,28.03,3
89,528,997.21,277.39,99.02,43.86,0
89,532,912.91,221.19,51.34,49.44,4
89,520,664.53,271.31,42.59,40.46,3
89,523,782.21,276.79,47.42,42.37,3
89,516,585.25,243.40,46.45,43.21,3
89,518,450.18,261.38,56.86,50.97,3
89,515,440.72,312.09,35.14,38.54,3
89,517,752.84,334.55,102.24,68.84,4
90,522,933.35,264.18,52.07,40.46,3
90,519,684.67,171.16,33.18,25.17,3
90,529,751.13,182.55,39.93,28.15,3
90,528,998.14,278.84,99.16,44.00,0
90,532,912.89,221.26,52.06,50.20,4
90,520,664.98,269.27,42.06,39.78,3
90,523,781.93,277.73,48.14,43.15,3
90,516,583.57,246.85,47.16,43.82,3
90,518,449.25,262.41,57.48,51.63,3
90,515,437.98,313.42,34.83,39.43,3
90,517,749.73,336.05,103.26,69.74,4
91,522,934.20,265.12,51.90,40.36,3
91,519,684.41,170.38,33.23,25.20,3
91,529,751.66,182.69,39.90,28.13,3
91,528,998.54,279.28,100.41,44.75,0
91,532,912.57,221.95,52.46,50.58,4
91,520,665.08,267.19,41.10,38.65,3
91,523,782.43,279.10,47.32,42.42,3
91,516,582.41,250.31,48.37,44.90,3
91,518,448.83,263.27,56.95,51.18,3
91,515,436.10,313.14,34.52,40.68,3
91,517,749.30,338.79,101.85,69.06,4
91,521,679.24,238.55,38.00,35.67,3
92,529,751.71,183.69,39.60,27.91,3
92,528,1000.43,281.08,98.63,44.01,0
92,532,912.92,222.65,52.24,50.29,4
92,520,665.06,264.40,41.42,38.69,3
92,523,783.25,279.30,47.23,42.34,3
92,516,580.61,254.38,48.83,45.43,3
92,518,448.73,264.06,56.81,51.24,3
92,515,420.35,325.80,36.56,43.08,3
92,517,745.89,339.96,104.63,71.13,4
92,521,695.72,257.75,36.20,33.98,3
93,532,913.59,223.12,52.13,50.17,4
93,520,665.45,261.51,41.61,38.73,3
93,523,782.99,279.93,47.61,42.74,3
93,516,578.75,257.66,49.30,45.99,3
93,518,448.22,264.74,56.66,51.26,3
93,515,404.60,338.46,38.60,45.48,3
93,517,744.03,342.08,104.06,70.65,4
93,521,712.20,276.95,34.40,32.30,3
93,522,935.82,267.25,51.34,39.84,3
93,519,684.92,168.41,33.35,25.32,3
94,523,783.08,281.06,47.97,43.13,3
94,516,577.25,261.84,50.20,46.93,3
94,518,447.04,265.55,56.98,51.61,3
94,515,388.85,351.12,40.63,47.88,3
94,517,742.88,344.62,102.60,69.85,4
94,521,728.68,296.14,32.61,30.61,3
94,522,935.73,267.68,52.35,40.65,3
94,519,684.84,167.81,32.84,24.96,3
94,529,751.81,184.73,39.48,27.81,3
95,518,447.30,266.29,56.74,51.50,3
95,515,373.11,363.78,42.67,50.28,3
95,517,740.56,346.91,102.34,69.84,4
95,521,745.15,315.34,30.81,28.92,3
95,522,936.48,268.17,52.48,40.85,3
95,519,684.90,167.72,32.48,24.58,3
95,529,752.30,185.15,39.31,27.67,3
95,532,915.06,224.63,51.94,50.06,4
95,520,666.74,257.78,41.21,37.92,3
96,517,739.32,349.53,100.66,68.69,4
96,521,761.63,334.53,29.01,27.23,3
96,522,936.60,268.97,53.15,41.51,3
96,519,685.20,168.05,32.01,24.15,3
96,529,751.95,185.25,40.05,28.27,3
96,532,915.61,225.64,51.87,50.03,4
96,520,666.92,255.24,41.01,37.51,3
96,528,1002.29,284.53,100.57,44.92,0
96,523,783.34,282.15,48.48,43.93,3
96,516,573.83,270.26,51.79,48.51,3
97,521,778.11,353.73,27.22,25.55,3
97,522,937.42,270.40,51.69,40.17,3
97,519,685.31,166.99,32.14,24.18,3
97,529,752.16,185.52,39.93,28.18,3
97,532,916.22,226.56,51.77,49.98,4
97,520,667.68,252.57,40.74,37.13,3
97,528,1003.63,285.40,100.90,45.23,0
97,523,784.34,283.42,48.09,43.47,3
97,516,572.39,274.94,52.50,48.88,3
97,518,445.60,267.58,57.79,52.61,3
97,515,419.05,317.76,35.84,44.38,3
98,522,937.51,271.22,52.40,40.57,3
98,519,686.28,166.88,31.66,23.83,3
98,529,752.29,186.01,39.98,28.23,3
98,532,917.01,227.18,51.50,49.71,4
98,520,668.35,250.77,39.18,35.53,3
98,528,1005.34,286.35,100.27,45.18,0
98,523,784.42,284.92,48.14,43.57,3
98,516,569.87,278.89,53.52,49.89,3
98,518,444.77,268.73,58.20,53.13,3
98,515,423.64,314.88,33.06,42.74,3
98,517,731.22,354.08,103.33,70.91,4
99,522,938.50,271.95,52.82,40.88,3
99,529,752.18,186.50,39.94,28.25,3
99,532,917.95,227.36,51.74,49.99,4
99,520,668.15,248.08,40.03,36.14,3
99,528,1006.57,287.40,99.24,44.76,0
99,523,784.20,285.76,48.88,44.35,3
99,516,567.33,283.59,54.88,51.14,3
99,518,442.84,269.63,58.74,53.71,3
99,515,414.84,323.13,32.58,42.12,3
99,517,729.08,357.35,102.33,70.27,4
100,529,752.69,187.18,39.39,27.81,3
100,532,917.60,228.00,52.18,50.42,4
100,520,668.61,246.40,39.65,35.64,3
100,528,1008.63,289.25,97.01,43.59,0
100,523,784.85,286.79,48.39,43.99,3
100,516,564.78,288.42,55.84,52.13,3
100,518,442.61,270.43,58.22,53.25,3
100,515,406.03,331.37,32.10,41.50,3
100,517,723.87,358.38,106.16,73.00,4
101,532,917.92,228.50,52.32,50.68,4
101,520,669.93,244.25,38.92,34.87,3
101,528,1009.32,291.09,95.44,42.67,0
101,523,785.41,287.67,48.34,44.00,3
101,516,562.06,293.73,56.70,53.22,3
101,518,442.03,271.62,58.44,53.51,3
101,515,397.22,339.62,31.62,40.88,3
101,517,720.84,361.17,106.23,73.19,4
101,522,939.63,273.38,52.77,40.73,3
102,532,918.46,229.17,52.16,50.63,4
102,520,670.81,242.96,37.80,33.64,3
102,528,1007.09,289.70,100.77,45.19,0
102,523,784.89,288.35,49.13,44.77,3
102,516,560.17,298.23,58.64,54.72,3
102,518,440.76,272.21,58.89,53.98,3
102,515,140.92,473.62,34.96,45.10,3
102,517,714.87,362.32,109.72,75.68,4
102,522,940.07,274.21,52.75,40.67,3
102,529,752.35,187.68,39.78,28.16,3
103,532,918.87,229.76,52.69,51.19,4
103,520,670.37,241.01,37.98,33.78,3
103,528,1010.43,292.91,95.27,42.28,0
103,523,784.80,288.77,50.28,46.16,3
103,516,557.36,303.53,60.79,56.82,3
103,518,439.85,273.41,59.02,54.18,3
103,515,111.52,493.13,32.60,41.85,3
103,517,712.67,365.99,108.78,75.25,4
103,522,939.53,275.58,53.51,41.24,3
103,529,752.72,187.99,39.82,28.23,3
104,520,671.19,239.44,37.82,33.44,3
104,528,1013.50,294.85,92.71,40.72,0
104,523,785.43,289.89,49.49,45.55,3
104,516,554.31,309.25,61.46,57.55,3
104,518,439.84,274.21,58.93,54.18,3
104,515,78.80,513.61,32.24,41.39,3
104,517,709.72,369.82,106.73,73.89,4
104,522,939.18,276.09,54.43,41.99,3
104,529,752.81,188.51,40.04,28.42,3
104,519,740.88,168.45,33.44,25.11,3
105,520,671.20,237.49,38.17,33.73,3
105,523,785.62,291.04,49.23,45.35,3
105,516,551.77,314.87,62.52,58.67,3
105,518,439.34,275.11,59.26,54.64,3
105,515,46.09,534.09,31.89,40.94,3
105,517,704.51,371.53,109.87,76.48,4
105,522,939.65,276.55,54.97,42.48,3
105,529,752.62,189.08,40.44,28.83,3
105,519,745.55,168.89,33.94,25.39,3
105,532,920.18,231.44,52.90,51.35,4
106,523,785.77,292.53,49.10,45.25,3
106,516,548.45,320.23,64.64,61.23,3
106,518,438.14,276.18,59.31,54.80,3
106,515,13.37,554.57,31.53,40.48,3
106,517,700.73,374.41,109.54,76.51,4
106,522,941.44,277.87,53.77,41.62,3
106,529,752.80,189.68,40.86,29.25,3
106,519,747.64,169.15,33.66,25.15,3
106,532,920.41,232.20,52.90,51.17,4
107,516,546.54,326.99,65.37,62.04,3
107,518,437.31,276.74,60.23,55.82,3
107,515,-19.35,575.06,31.18,40.03,3
107,517,696.62,377.42,109.24,76.54,4
107,522,942.28,278.97,53.75,41.61,3
107,529,752.45,190.24,40.93,29.36,3
107,519,747.70,170.00,34.66,25.74,3
107,532,921.21,233.02,53.36,51.61,4
107,520,672.00,234.27,37.90,33.38,3
108,518,437.37,277.79,60.26,55.93,3
108,515,-52.06,595.54,30.82,39.57,3
108,517,691.56,379.96,112.06,78.77,4
108,522,944.48,280.11,53.30,41.36,3
108,529,753.03,190.95,40.83,29.30,3
108,519,747.93,170.13,35.77,26.46,3
108,532,921.81,233.31,53.84,52.05,4
108,520,672.22,232.77,37.94,33.47,3
108,521,1002.23,410.88,38.65,39.57,3
108,528,1011.86,295.87,107.09,46.65,0
108,523,785.33,294.47,51.64,47.97,3
109,517,686.45,382.99,113.61,80.41,4
109,522,944.56,280.77,54.15,42.00,3
109,529,753.56,191.41,40.68,29.22,3
109,519,748.47,170.83,35.54,26.23,3
109,532,923.07,234.73,53.90,51.95,4
109,520,672.79,230.83,37.02,32.59,3
109,521,1020.61,421.23,39.49,40.44,3
109,528,1012.24,296.56,107.75,47.21,0
109,523,786.51,295.86,51.01,47.28,3
109,516,541.66,340.41,68.94,65.33,3
110,517,681.10,386.88,114.70,81.66,4
110,522,945.01,281.60,54.98,42.68,3
110,529,753.76,191.94,40.69,29.26,3
110,519,748.66,170.81,35.57,26.20,3
110,532,924.04,235.16,54.15,52.05,4
110,520,672.99,230.14,36.51,32.09,3
110,521,1013.89,418.09,37.37,40.98,3
110,528,1015.62,300.11,103.04,45.02,0
110,523,786.84,296.98,51.43,47.79,3
110,516,538.28,346.45,70.67,67.13,3
110,518,437.54,279.96,60.04,55.80,3
111,517,676.85,390.19,115.75,83.01,4
111,522,945.66,282.54,55.27,42.94,3
111,529,754.11,192.43,40.52,29.14,3
111,519,748.53,171.72,35.27,25.95,3
111,532,924.81,235.88,54.35,52.35,4
111,520,673.03,228.67,36.72,32.15,3
111,521,1012.61,417.61,37.35,43.24,3
111,528,1017.23,301.01,103.84,45.52,0
111,523,786.84,297.68,52.42,48.87,3
111,516,533.97,353.53,74.16,70.74,3
111,518,436.42,281.51,60.00,55.74,3
112,517,672.82,393.70,116.04,83.74,4
112,522,946.13,283.76,55.32,43.06,3
112,529,753.97,193.31,41.16,29.62,3
112,519,748.22,171.64,35.30,26.05,3
112,532,925.25,236.92,55.00,53.21,4
112,520,673.46,227.70,36.40,31.75,3
112,521,1011.47,418.45,37.24,45.18,3
112,528,1019.52,304.23,100.99,44.16,0
112,523,787.37,298.29,52.10,48.58,3
112,516,529.17,361.12,74.17,71.24,3
112,518,434.94,282.38,60.63,56.31,3
113,517,669.12,397.29,115.51,83.80,4
113,522,947.01,284.99,55.49,43.24,3
113,529,754.31,194.01,40.94,29.47,3
113,519,747.60,171.77,35.63,26.40,3
113,532,925.79,237.72,54.81,53.16,4
113,520,673.47,226.42,36.01,31.32,3
113,521,1028.02,413.39,37.02,47.09,3
113,528,1017.77,303.58,105.95,46.63,0
113,523,786.98,299.92,52.46,48.95,3
113,516,524.20,369.16,75.82,73.44,3
113,518,434.14,283.00,60.72,56.36,3
113,515,969.95,421.88,33.69,44.98,3
114,517,665.23,401.09,116.39,84.99,4
114,522,947.58,285.95,55.57,43.23,3
114,529,754.60,194.53,40.85,29.38,3
114,519,745.50,161.16,31.54,23.57,3
114,532,925.95,238.60,54.52,53.08,4
114,520,674.08,225.28,35.82,31.17,3
114,521,1036.02,412.89,35.79,46.83,3
114,528,1018.25,305.34,104.95,46.17,0
114,523,787.60,301.60,51.58,48.16,3
114,516,519.60,377.12,77.31,75.46,3
114,518,433.15,284.00,61.58,57.23,3
114,515,1010.59,417.25,33.38,46.07,3
114,526,674.79,137.37,23.78,24.13,0
115,522,948.37,286.95,55.21,43.00,3
115,529,754.47,195.14,40.66,29.25,3
115,519,743.84,156.33,30.41,23.02,3
115,532,926.49,239.38,54.40,53.10,4
115,520,673.81,223.91,35.75,31.05,3
115,521,1038.80,413.12,35.51,47.82,3
115,528,1019.08,305.69,105.58,46.77,0
115,523,787.09,302.64,52.60,49.38,3
115,516,515.75,385.53,80.25,79.16,3
115,518,431.87,284.68,62.17,57.92,3
115,515,1024.81,416.80,31.79,44.55,3
115,526,651.63,121.61,20.83,21.13,0
116,522,949.17,288.20,55.74,43.46,3
116,519,744.16,154.94,29.38,22.35,3
116,532,926.50,240.19,54.63,53.38,4
116,520,673.56,222.61,35.72,30.99,3
116,521,1040.46,415.31,34.20,46.89,3
116,528,1018.95,305.39,108.42,48.05,0
116,523,786.86,303.23,53.13,50.17,3
116,516,511.74,394.45,81.05,80.62,3
116,518,430.93,285.58,62.34,58.16,3
116,515,1027.71,417.47,30.80,44.05,3
116,526,628.46,105.86,17.87,18.13,0
116,517,659.15,407.27,115.48,85.41,4
117,522,949.89,289.07,55.36,43.18,3
117,520,673.56,221.62,36.19,31.39,3
117,521,1053.45,418.58,30.51,42.72,3
117,528,1021.31,306.31,106.73,47.35,0
117,523,787.44,304.54,52.48,49.68,3
117,516,506.78,403.43,84.21,84.81,3
117,518,430.40,287.06,62.05,57.97,3
117,515,1072.12,417.28,30.96,44.27,3
117,526,605.30,90.11,14.91,15.13,0
117,517,656.70,410.85,114.34,84.89,4
117,529,754.31,196.53,41.28,29.78,3
118,522,950.45,290.22,55.84,43.55,3
118,520,673.77,219.99,36.68,31.81,3
118,521,1021.97,419.85,32.98,47.44,3
118,528,1022.57,307.75,106.56,47.17,0
118,523,788.40,305.95,51.03,48.20,3
118,516,501.06,412.76,86.02,87.44,3
118,518,429.58,287.86,62.49,58.45,3
118,515,1055.83,415.78,30.83,45.29,3
118,526,750.94,174.97,28.12,26.60,0
118,517,650.39,412.77,118.27,88.44,4
118,529,754.79,197.01,41.39,29.89,3
118,519,743.55,154.95,28.80,22.23,3
118,532,927.35,241.49,54.65,53.45,4
119,522,950.90,291.18,56.02,43.68,3
119,520,674.45,219.21,36.28,31.34,3
119,521,1036.46,418.85,32.26,47.20,3
119,528,1023.00,308.66,106.74,47.26,0
119,523,788.26,306.80,51.72,48.93,3
119,516,495.04,422.74,91.17,93.91,3
119,518,428.62,288.97,62.84,58.93,3
119,515,1032.47,417.12,31.04,46.62,3
119,526,698.94,149.16,26.57,24.68,0
119,517,647.59,415.78,119.06,89.79,4
119,529,754.85,197.37,41.21,29.82,3
119,519,744.15,155.71,28.29,21.88,3
119,532,927.65,242.40,54.34,53.16,4
120,522,951.83,291.98,56.00,43.70,3
120,520,674.25,218.05,35.97,31.02,3
120,521,1043.03,420.07,31.55,46.82,3
120,528,1027.13,314.16,98.83,43.10,0
120,523,788.39,307.44,52.19,49.42,3
120,516,489.24,434.16,92.33,96.00,3
120,518,427.88,289.75,62.48,58.66,3
120,515,1024.51,418.25,30.99,47.26,3
120,526,673.23,136.10,26.35,24.30,0
120,517,642.77,418.59,121.55,92.71,4
120,529,754.93,197.55,40.80,29.54,3
120,519,742.95,156.04,28.42,22.13,3
120,532,927.76,243.32,54.35,53.14,4
121,520,674.20,217.17,36.01,31.01,3
121,521,1046.35,421.03,31.08,46.70,3
121,528,1025.67,311.69,106.23,46.60,0
121,523,787.76,308.55,53.16,50.43,3
121,516,482.41,443.82,96.99,101.96,3
121,518,426.85,290.93,62.85,59.11,3
121,515,1020.62,419.92,31.02,47.63,3
121,526,654.27,125.99,25.48,23.49,0
121,517,640.19,422.18,121.83,93.68,4
121,529,755.00,198.18,41.04,29.72,3
121,519,742.84,156.38,28.27,22.05,3
121,532,928.40,244.22,54.66,53.35,4
122,520,674.81,215.98,36.08,31.13,3
122,521,1051.28,423.80,31.65,47.25,3
122,528,1027.49,312.66,103.74,45.43,0
122,523,787.51,309.35,53.92,51.54,3
122,516,475.00,454.40,100.18,106.76,3
122,518,425.21,291.42,63.59,59.98,3
122,515,1046.14,422.27,29.63,45.36,3
122,526,665.59,131.86,26.12,23.87,0
122,517,638.54,426.37,119.76,92.52,4
122,529,755.18,198.12,41.31,29.94,3
122,519,743.57,156.89,28.54,22.20,3
122,532,929.09,244.95,54.65,53.25,4
122,522,953.15,293.93,56.13,43.84,3
123,521,1051.27,425.47,30.60,46.05,3
123,528,1029.34,317.17,99.52,43.18,0
123,523,787.93,310.83,54.05,51.91,3
123,516,468.08,469.05,102.06,109.64,3
123,518,424.96,292.81,63.47,60.08,3
123,515,1027.02,422.37,30.07,46.20,3
123,526,653.12,125.17,25.52,23.33,0
123,517,635.86,429.69,119.34,92.63,4
123,529,755.58,198.44,41.80,30.33,3
123,519,743.66,157.15,28.59,22.20,3
123,532,929.01,245.65,54.98,53.45,4
123,522,954.01,295.01,56.14,43.81,3
124,521,1052.86,425.92,31.78,47.78,3
124,528,1027.96,315.03,107.22,46.87,0
124,523,787.75,311.06,54.15,52.20,3
124,516,460.74,482.27,105.82,115.12,3
124,518,423.74,293.41,64.07,60.78,3
124,515,1019.82,422.56,29.74,45.71,3
124,526,732.40,167.20,29.57,26.37,0
124,517,631.76,433.17,120.98,94.53,4
124,529,755.60,198.78,41.92,30.45,3
124,519,743.04,157.45,28.53,22.11,3
124,532,930.01,245.81,55.33,53.82,4
124,522,954.89,295.71,56.04,43.83,3
124,520,674.61,213.59,35.63,30.61,3
125,528,1028.66,314.85,109.39,48.12,0
125,523,788.49,311.95,53.22,51.30,3
125,516,452.56,494.06,111.30,123.20,3
125,518,422.83,294.11,64.17,61.07,3
125,515,1015.42,422.47,29.99,46.26,3
125,526,735.09,168.53,29.61,26.42,0
125,517,628.78,436.96,120.72,94.94,4
125,529,756.31,199.81,41.52,30.11,3
125,519,692.89,141.74,30.54,23.95,3
125,532,930.57,246.29,55.51,54.01,4
125,522,955.66,295.72,56.15,44.01,3
125,520,674.44,212.54,36.10,31.02,3
126,516,445.11,508.36,114.64,129.02,3
126,518,422.22,294.84,64.22,61.09,3
126,515,1013.22,422.87,29.94,46.41,3
126,526,737.79,169.86,29.66,26.46,0
126,517,625.02,439.53,123.29,97.74,4
126,529,757.09,199.78,41.50,30.05,3
126,519,687.39,139.65,30.81,24.16,3
126,532,931.21,247.21,56.00,54.42,4
126,522,956.28,296.65,56.57,44.41,3
126,520,675.14,211.69,35.77,30.73,3
126,521,1057.29,429.83,32.43,48.53,3
127,516,439.11,525.65,116.10,132.47,3
127,518,422.01,295.72,64.24,61.03,3
127,515,1011.82,423.31,30.05,47.05,3
127,526,743.67,160.47,25.95,22.84,0
127,517,621.59,443.29,122.52,97.59,4
127,529,756.72,200.13,41.84,30.27,3
127,519,918.77,199.43,32.08,21.87,3
127,532,931.66,247.79,56.17,54.57,4
127,522,956.49,297.90,57.19,45.00,3
127,520,676.01,211.33,35.05,30.03,3
127,521,1059.16,432.25,31.94,47.70,3
127,528,1032.82,318.82,106.16,46.99,0
127,523,790.81,315.28,52.00,49.90,3
128,516,429.11,541.90,120.05,139.16,3
128,518,421.38,296.88,64.32,61.04,3
128,515,1011.97,424.41,28.92,45.29,3
128,526,744.82,159.37,25.42,22.18,0
128,517,614.20,444.33,128.41,103.51,4
128,529,757.06,200.37,42.04,30.43,3
128,519,804.65,186.55,37.65,26.07,3
128,532,932.79,248.66,56.41,54.71,4
128,522,956.93,298.76,56.89,44.59,3
128,520,675.76,210.78,34.77,29.69,3
128,521,1061.62,434.05,32.65,48.59,3
128,528,1034.85,320.72,103.62,45.75,0
128,523,791.62,315.93,52.65,50.44,3
129,516,421.02,558.52,123.88,146.20,3
129,518,420.90,298.18,64.81,61.48,3
129,515,1010.46,425.74,29.07,45.63,3
129,526,745.69,159.21,25.43,21.99,0
129,517,611.56,448.14,128.69,104.75,4
129,529,756.82,200.74,42.31,30.58,3
129,519,770.93,182.92,38.85,27.17,3
129,532,933.45,249.49,56.51,54.62,4
129,522,957.08,299.84,57.65,45.15,3
129,520,675.17,209.10,35.22,29.96,3
129,521,1063.03,434.67,32.93,48.95,3
129,528,1162.39,561.04,156.19,72.83,0
129,523,791.01,316.62,54.10,51.88,3
130,515,1019.29,426.24,29.11,45.69,3
130,526,746.14,159.43,25.72,22.07,0
130,517,608.92,452.67,128.33,105.56,4
130,529,756.83,201.19,42.75,30.89,3
130,519,756.75,181.44,39.09,27.62,3
130,532,934.12,250.56,57.39,55.29,4
130,522,957.08,300.08,58.65,45.85,3
130,520,675.37,207.98,35.28,30.00,3
130,521,1063.87,436.34,32.87,48.98,3
130,528,1177.60,588.98,162.04,75.56,0
130,523,791.36,317.57,54.60,52.36,3
131,515,1009.15,426.49,30.68,48.63,3
131,517,603.94,455.91,129.62,107.63,4
131,529,757.13,201.60,42.43,30.66,3
131,519,751.52,180.97,39.04,27.86,3
131,532,934.53,251.23,57.85,55.50,4
131,522,958.78,301.29,58.20,45.39,3
131,520,675.60,206.98,35.71,30.36,3
131,521,1065.87,437.58,32.62,48.84,3
131,528,1192.81,616.92,167.90,78.30,0
131,523,792.54,319.39,54.08,51.84,3
131,518,420.23,300.53,65.13,61.69,3
132,517,600.07,459.47,129.58,108.49,4
132,529,757.26,202.35,42.47,30.70,3
132,519,749.03,180.83,38.70,27.91,3
132,532,934.52,251.19,58.97,56.53,4
132,522,960.20,302.30,57.92,45.19,3
132,520,675.85,206.62,35.41,30.05,3
132,521,1069.30,363.07,39.89,48.78,3
132,528,1208.02,644.86,173.76,81.03,0
132,523,792.79,320.07,54.38,52.21,3
132,518,418.82,300.93,65.60,62.17,3
132,516,411.46,625.41,110.60,131.42,3
132,526,746.20,160.07,26.43,22.11,0
133,517,595.47,464.41,129.90,109.63,4
133,529,757.17,203.09,42.48,30.73,3
133,519,748.64,181.06,38.15,27.73,3
133,532,934.47,251.88,59.50,56.88,4
133,522,961.39,303.19,57.66,44.95,3
133,520,675.47,205.86,35.24,29.90,3
133,521,1067.95,335.42,46.68,49.07,3
133,528,1070.02,482.92,110.20,55.88,0
133,523,793.02,321.28,54.13,51.89,3
133,518,418.09,301.70,65.81,62.43,3
133,516,408.94,653.68,96.30,109.17,3
133,526,746.28,160.95,26.49,21.93,0
133,515,1008.28,427.32,30.49,48.65,3
134,517,591.28,468.55,131.03,111.56,4
134,529,757.22,203.71,42.86,31.05,3
134,519,748.70,181.28,38.18,27.93,3
134,532,935.58,253.09,58.69,55.78,4
134,522,961.53,304.33,57.74,44.96,3
134,520,675.14,204.37,35.78,30.34,3
134,521,1067.12,323.44,53.93,51.35,3
134,528,1220.53,651.68,116.32,62.40,0
134,523,793.36,322.05,53.90,51.63,3
134,518,417.41,302.43,65.69,62.35,3
134,516,407.90,676.54,85.57,91.16,3
134,526,746.43,161.39,26.64,21.84,0
134,515,1008.68,428.05,30.74,48.97,3
135,517,586.43,473.09,131.79,113.06,4
135,529,757.85,203.81,42.54,30.82,3
135,519,748.50,181.58,37.77,27.87,3
135,532,937.13,254.07,58.28,55.24,4
135,522,961.51,304.96,59.34,46.18,3
135,520,674.54,203.32,36.15,30.74,3
135,521,1066.85,320.40,59.76,52.35,3
135,528,1265.69,697.29,107.29,60.66,0
135,523,793.75,322.53,54.32,52.10,3
135,518,416.69,303.25,65.71,62.40,3
135,516,412.49,701.44,69.59,67.83,3
135,526,746.69,161.53,28.07,22.61,0
135,515,1009.79,428.97,30.50,48.47,3
136,519,749.47,181.94,37.26,27.59,3
136,532,937.81,254.87,58.27,55.18,4
136,522,962.88,305.88,59.86,46.59,3
136,520,674.71,202.19,36.25,30.72,3
136,521,1070.32,312.43,60.18,52.71,3
136,528,1287.16,717.01,96.98,57.52,0
136,523,793.51,323.49,54.46,52.41,3
136,518,415.67,304.24,66.13,62.87,3
136,516,411.77,720.07,60.95,59.41,3
136,526,746.60,161.69,29.04,23.17,0
136,515,1011.45,430.13,29.88,47.40,3
137,519,749.38,182.20,37.24,27.62,3
137,520,674.55,201.19,36.52,30.85,3
137,521,1073.78,304.46,60.60,53.08,3
137,528,1299.15,725.31,86.03,53.35,0
137,523,793.30,324.94,55.01,53.03,3
137,518,414.98,305.61,66.46,63.25,3
137,516,411.05,738.71,52.31,50.98,3
137,526,745.78,161.95,29.19,23.13,0
137,515,1012.42,430.65,29.48,46.75,3
137,517,576.19,482.44,135.41,118.29,4
137,529,757.95,204.98,42.45,30.76,3
138,520,674.56,200.44,36.47,30.77,3
138,521,1070.43,326.12,60.63,47.81,3
138,528,1307.95,730.62,74.20,47.88,0
138,523,793.32,326.39,55.33,53.24,3
138,518,414.55,306.86,66.62,63.49,3
138,516,410.33,757.35,43.67,42.56,3
138,526,744.93,162.16,29.51,23.32,0
138,515,1012.73,430.87,29.16,46.29,3
138,517,571.37,488.38,135.20,118.93,4
138,529,758.16,205.49,42.53,30.80,3
138,532,938.42,255.93,58.94,55.90,4
138,522,965.37,308.11,60.18,46.64,3
139,520,675.02,199.30,36.84,31.00,3
139,518,413.24,307.35,67.64,64.54,3
139,516,409.60,775.99,35.03,34.14,3
139,526,744.26,162.46,29.92,23.64,0
139,515,1013.10,431.26,28.91,46.19,3
139,517,564.37,493.52,138.25,122.72,4
139,529,758.53,205.91,42.65,30.85,3
139,532,939.62,256.33,59.33,56.46,4
139,522,965.31,309.02,61.68,47.78,3
139,519,749.90,182.84,37.42,27.78,3
140,520,675.03,198.40,36.30,30.47,3
140,516,408.88,794.63,26.39,25.72,3
140,526,744.83,162.85,30.20,23.77,0
140,515,1013.31,432.44,29.27,46.99,3
140,517,559.12,499.02,140.72,126.06,4
140,529,758.83,206.26,42.52,30.70,3
140,532,937.98,256.06,60.72,57.67,4
140,522,964.17,309.96,67.32,52.69,3
140,519,749.86,183.05,37.54,27.91,3
140,521,1067.87,326.43,70.45,51.93,3
140,523,794.10,327.66,56.58,54.53,3
141,520,675.09,197.22,36.00,30.19,3
141,526,744.49,162.34,30.65,23.99,0
141,515,1013.71,433.25,28.97,46.65,3
141,517,552.87,504.96,140.39,126.67,4
141,529,758.49,206.31,43.91,31.81,3
141,532,939.50,256.45,61.07,57.99,4
141,522,964.94,311.19,68.02,53.53,3
141,519,750.28,183.05,37.12,27.61,3
141,521,1068.74,409.67,63.96,49.87,3
141,523,794.96,329.07,56.22,54.12,3
141,518,412.08,309.16,67.79,64.74,3
142,520,676.09,197.18,35.53,29.75,3
142,526,744.48,163.09,30.53,23.85,0
142,515,1014.40,434.06,28.78,46.39,3
142,517,546.21,513.25,141.44,128.65,4
142,529,758.03,206.74,44.55,32.34,3
142,532,940.98,257.75,60.82,57.85,4
142,522,967.94,312.35,62.44,48.80,3
142,519,750.25,183.35,36.92,27.48,3
142,521,1069.24,360.32,70.03,50.97,3
142,523,795.37,330.17,56.11,53.96,3
142,518,411.72,310.12,67.59,64.53,3
142,528,1093.15,492.00,71.09,49.39,0
142,516,1115.88,200.75,36.80,32.40,3
143,520,671.90,152.30,32.52,27.53,3
143,515,1015.28,434.62,28.65,46.41,3
143,517,539.72,519.56,143.08,131.37,4
143,529,758.71,207.13,44.37,32.31,3
143,532,941.98,259.03,60.35,57.54,4
143,522,970.38,313.04,58.36,45.32,3
143,519,750.68,184.12,37.30,27.71,3
143,521,1070.46,344.19,72.18,49.14,3
143,523,795.68,331.07,56.08,53.90,3
143,518,410.89,311.24,67.83,64.90,3
143,528,1070.67,464.87,66.00,48.97,0
143,516,1195.14,141.12,38.83,34.18,3
144,515,1015.07,434.33,29.34,47.74,3
144,517,530.12,526.21,147.23,136.67,4
144,529,759.16,207.62,44.31,32.36,3
144,532,942.98,260.37,59.79,57.01,4
144,522,971.64,313.96,57.15,44.17,3
144,519,751.24,184.50,37.42,27.82,3
144,521,1021.50,349.87,54.16,36.85,3
144,523,796.62,332.20,56.62,54.39,3
144,518,410.03,312.32,67.91,64.89,3
144,528,1064.65,456.48,65.33,51.45,0
144,516,536.19,295.25,47.55,44.47,3
144,526,744.89,164.06,30.10,23.40,0
145,515,1016.74,434.29,29.45,47.99,3
145,517,524.06,532.74,151.01,142.14,4
145,529,761.05,208.49,43.19,31.52,3
145,532,944.86,260.82,59.98,57.18,4
145,522,974.47,314.91,56.57,43.57,3
145,519,968.84,288.77,56.98,39.62,3
145,521,1009.62,354.63,47.62,32.27,3
145,523,797.85,333.01,57.97,55.88,3
145,518,410.77,313.44,68.48,65.42,3
145,528,1067.96,455.75,61.62,51.22,0
145,516,371.47,329.13,48.59,48.13,3
145,526,746.50,164.38,29.74,23.19,0
145,520,1028.03,188.49,38.74,31.06,3
146,515,1020.07,435.61,30.09,49.14,3
146,517,519.46,539.97,152.12,145.17,4
146,529,764.18,209.00,42.76,31.17,3
146,532,948.33,262.29,60.12,57.17,4
146,522,978.16,315.58,57.25,43.95,3
146,519,855.81,233.57,47.50,33.46,3
146,521,1010.51,358.44,45.98,31.15,3
146,523,801.21,334.27,57.34,55.39,3
146,518,412.49,313.98,67.81,64.70,3
146,528,1073.10,458.68,59.01,51.47,0
146,516,304.24,346.86,46.87,48.72,3
146,526,748.62,164.83,30.09,23.42,0
146,520,835.15,165.13,31.06,24.61,3
147,529,765.57,209.45,42.64,31.13,3
147,532,950.72,263.33,59.78,56.74,4
147,522,978.94,316.35,59.15,45.34,3
147,519,869.70,240.67,48.58,34.22,3
147,521,1017.30,363.14,43.82,29.55,3
147,523,801.92,335.70,58.44,56.69,3
147,518,412.71,315.33,68.54,65.46,3
147,528,1076.91,379.04,62.16,49.17,0
147,516,229.30,338.25,49.88,51.86,3
147,526,755.71,178.39,34.43,26.78,0
147,520,747.67,154.96,28.17,22.14,3
148,529,766.70,209.97,42.95,31.47,3
148,532,951.88,263.62,60.83,57.93,4
148,522,979.77,317.43,60.49,46.35,3
148,519,1034.26,418.24,66.33,49.43,3
148,521,1022.75,365.09,44.37,29.85,3
148,523,802.86,336.71,58.90,57.30,3
148,518,412.58,316.42,68.84,65.72,3
148,528,1076.33,347.59,68.39,50.27,0
148,516,265.52,356.54,45.10,48.94,3
148,526,757.81,183.67,36.22,28.23,0
148,520,719.71,151.59,27.50,21.46,3
148,515,1024.24,437.80,30.38,49.25,3
148,517,506.15,558.65,152.86,149.37,4
149,522,980.01,318.64,61.14,46.89,3
149,519,1060.64,439.57,68.96,51.40,3
149,521,1027.37,367.87,45.43,30.59,3
149,523,803.73,337.92,58.50,57.02,3
149,518,412.11,317.67,68.96,65.74,3
149,528,1079.65,339.76,69.84,47.73,0
149,516,200.74,350.39,47.48,51.52,3
149,526,759.34,185.81,36.19,28.27,0
149,520,710.44,150.65,27.73,21.51,3
149,515,1025.01,439.16,29.87,48.21,3
149,517,495.49,566.54,157.16,155.60,4
150,521,838.80,230.93,37.13,25.40,3
150,523,804.30,338.43,58.02,56.62,3
150,518,411.66,318.98,69.03,65.77,3
150,528,1072.67,320.62,69.65,47.60,0
150,516,135.97,344.24,49.86,54.11,3
150,526,760.09,187.37,35.76,27.99,0
150,520,707.18,150.34,27.84,21.48,3
150,515,1026.07,439.84,29.32,47.15,3
150,517,487.04,576.98,159.79,160.37,4
150,529,767.30,210.73,43.25,31.85,3
150,532,952.50,264.48,61.22,58.55,4
151,528,1065.69,301.47,69.47,47.48,0
151,516,71.19,338.09,52.24,56.69,3
151,526,760.31,187.55,35.90,28.16,0
151,520,706.04,150.30,27.74,21.30,3
151,515,1026.82,440.15,28.94,46.49,3
151,517,477.67,587.34,164.26,167.51,4
151,529,767.26,211.12,43.54,32.16,3
151,532,954.01,266.09,60.53,57.92,4
151,522,980.86,320.80,62.77,48.40,3
151,519,1097.94,482.02,64.10,52.78,3
152,526,760.71,188.59,35.83,28.12,0
152,520,705.74,150.36,27.88,21.33,3
152,515,1027.10,440.65,29.25,47.00,3
152,517,470.83,600.12,161.61,166.46,4
152,529,767.43,211.45,43.53,32.21,3
152,532,954.21,267.03,60.54,57.77,4
152,522,981.88,321.84,63.06,48.72,3
152,519,1101.85,487.63,61.85,53.41,3
152,523,805.18,341.22,57.84,56.53,3
152,518,408.97,320.21,70.11,67.12,3
153,526,760.70,188.68,36.39,28.56,0
153,520,705.92,150.46,27.91,21.26,3
153,515,1027.26,440.69,29.62,47.62,3
153,517,465.33,611.59,155.04,159.84,4
153,529,767.52,212.46,43.80,32.43,3
153,532,954.02,267.33,61.18,58.15,4
153,522,983.01,322.92,62.91,48.68,3
153,519,1104.33,490.42,60.00,54.14,3
153,523,805.24,342.52,58.61,57.30,3
153,518,408.01,320.70,70.55,67.79,3
153,521,684.41,186.92,41.77,29.20,3
153,528,715.39,143.23,37.76,26.55,0
153,516,254.85,365.57,43.46,49.51,3
154,526,760.62,188.87,36.36,28.63,0
154,520,705.95,150.48,27.63,20.94,3
154,515,1028.19,441.77,29.09,46.74,3
154,517,461.68,623.01,147.27,150.05,4
154,529,768.42,212.89,43.68,32.32,3
154,532,954.06,268.35,61.62,58.52,4
154,522,983.20,323.86,63.10,48.90,3
154,519,1108.35,492.53,58.62,55.10,3
154,523,806.14,344.12,57.38,55.89,3
154,518,407.07,322.22,70.34,67.58,3
154,521,665.38,181.49,41.84,29.91,3
154,528,675.18,127.08,33.07,23.82,0
154,516,272.06,369.85,40.68,48.40,3
155,515,1028.98,443.13,28.79,46.07,3
155,517,458.10,636.64,135.10,134.67,4
155,529,767.88,213.25,43.88,32.40,3
155,532,954.71,268.73,63.22,60.15,4
155,522,983.75,324.59,64.62,50.21,3
155,519,1186.36,444.18,36.53,35.32,3
155,523,806.64,344.98,58.52,56.98,3
155,518,406.20,323.49,70.29,67.54,3
155,521,708.30,166.27,36.83,26.41,3
155,528,634.33,98.22,30.04,21.64,0
155,516,238.19,368.59,40.01,47.60,3
156,515,1028.77,443.36,29.52,47.51,3
156,532,955.78,269.21,63.16,60.28,4
156,522,983.90,326.01,64.45,50.09,3
156,519,1128.13,481.15,49.99,49.98,3
156,523,806.03,345.89,59.58,58.18,3
156,518,405.89,324.59,70.62,67.85,3
156,521,680.45,149.98,37.24,26.70,3
156,528,593.48,69.36,27.01,19.46,0
156,516,272.69,373.35,37.92,46.75,3
156,526,759.70,189.62,36.74,28.95,0
156,520,705.60,150.09,28.12,21.20,3
157,519,1143.29,496.99,50.53,50.52,3
157,523,807.02,347.07,58.93,57.45,3
157,518,404.98,324.92,70.92,68.22,3
157,521,652.61,133.68,37.65,26.99,3
157,528,552.63,40.50,23.97,17.27,0
157,516,274.47,374.42,37.97,47.98,3
157,526,759.58,189.91,36.65,28.90,0
157,520,705.63,150.03,28.22,21.22,3
157,529,767.67,214.09,44.11,32.57,3
158,518,404.39,326.01,71.10,68.52,3
158,521,624.77,117.38,38.06,27.28,3
158,528,511.77,11.64,20.94,15.09,0
158,516,273.79,375.57,37.55,48.77,3
158,526,759.55,190.33,36.68,28.93,0
158,520,705.51,150.07,28.60,21.49,3
158,529,767.44,214.53,44.48,32.89,3
158,515,1028.88,443.25,30.24,49.57,3
158,532,957.86,271.20,62.68,59.94,4
158,522,985.80,328.08,64.00,49.82,3
159,516,253.47,375.38,37.24,48.38,3
159,526,759.92,190.98,36.40,28.75,0
159,520,705.40,149.55,29.08,21.85,3
159,529,767.50,215.03,44.56,32.99,3
159,515,1029.90,444.11,29.43,48.33,3
159,532,958.24,272.33,62.53,59.77,4
159,522,986.37,328.82,64.35,50.11,3
159,519,1117.77,499.50,49.01,51.66,3
159,523,806.61,349.11,59.39,58.06,3
160,516,270.70,376.16,37.63,50.22,3
160,526,759.52,191.23,36.66,28.95,0
160,520,705.56,149.47,29.31,22.04,3
160,529,767.88,215.52,44.49,32.93,3
160,515,1030.70,444.22,30.27,49.87,3
160,532,958.96,273.20,62.20,59.43,4
160,522,987.89,329.86,65.10,50.84,3
160,519,1116.23,501.38,49.54,53.68,3
160,523,807.16,349.99,59.99,58.73,3
160,517,1071.87,253.23,46.71,41.16,4
160,518,402.60,328.43,71.14,68.81,3
160,521,737.34,162.37,33.42,24.11,3
161,526,759.91,191.74,36.31,28.62,0
161,520,705.68,150.23,29.25,22.00,3
161,529,768.38,216.09,44.58,33.07,3
161,515,1030.85,444.38,31.08,51.43,3
161,532,959.74,273.28,62.84,60.11,4
161,522,988.93,330.99,65.25,51.14,3
161,519,1116.31,502.99,48.34,53.92,3
161,523,807.43,351.09,60.26,59.08,3
161,517,1138.30,208.88,39.37,32.34,4
161,518,402.52,329.37,71.27,68.87,3
161,521,725.54,153.52,32.97,23.78,3
162,520,705.74,149.69,29.33,22.04,3
162,529,768.87,216.68,44.99,33.35,3
162,515,1031.85,445.49,30.04,49.54,3
162,532,960.95,273.66,63.65,60.92,4
162,522,990.77,331.83,64.67,50.77,3
162,519,1118.28,505.76,49.89,57.03,3
162,523,807.76,352.18,60.31,59.13,3
162,517,1146.54,203.94,40.47,31.38,4
162,518,401.87,330.72,71.73,69.37,3
162,521,713.75,144.68,32.52,23.46,3
162,516,271.96,377.73,35.88,50.03,3
163,515,1033.35,446.63,29.04,47.78,3
163,532,962.57,274.38,63.46,60.68,4
163,522,992.23,333.05,65.26,51.39,3
163,519,1125.64,516.15,50.29,57.50,3
163,523,808.20,353.66,60.07,58.88,3
163,517,1147.94,204.14,41.45,30.64,4
163,518,401.24,331.79,71.89,69.55,3
163,521,701.95,135.83,32.07,23.13,3
163,516,272.08,379.15,35.17,50.02,3
163,526,761.47,192.44,36.66,28.71,0
164,522,992.57,333.73,65.35,51.67,3
164,519,1124.69,509.86,46.79,54.65,3
164,523,808.84,354.85,59.80,58.53,3
164,517,1146.66,205.05,43.63,31.03,4
164,518,399.71,332.50,72.13,69.72,3
164,521,690.16,126.98,31.61,22.80,3
164,516,260.47,379.32,35.16,50.01,3
164,526,761.41,192.74,36.80,28.80,0
164,528,689.35,727.50,59.83,33.83,0
164,520,706.10,149.78,29.05,21.88,3
164,529,769.23,217.35,44.49,32.84,3
165,519,1125.61,509.58,44.79,53.35,3
165,523,809.45,355.66,59.93,58.58,3
165,517,1164.01,195.30,40.56,28.84,4
165,518,398.04,332.94,72.52,70.13,3
165,521,748.79,167.28,33.24,23.92,3
165,516,271.35,382.11,34.01,49.11,3
165,526,761.18,193.17,36.96,29.05,0
165,528,683.99,750.87,74.15,37.90,0
165,520,706.38,149.63,28.55,21.47,3
165,529,769.61,217.94,44.96,33.08,3
165,515,1034.26,447.74,30.56,50.80,3
165,532,963.07,276.07,64.66,61.97,4
166,519,1126.28,511.89,45.46,55.27,3
166,517,1143.69,207.36,48.30,33.40,4
166,518,397.05,334.09,73.50,71.12,3
166,521,632.11,151.50,36.83,27.15,3
166,516,262.05,382.56,33.94,49.01,3
166,526,761.58,193.51,36.86,29.05,0
166,528,677.76,752.98,87.72,43.56,0
166,520,706.59,149.46,28.07,21.07,3
166,529,769.31,218.55,45.37,33.34,3
166,515,1034.46,447.91,29.72,49.42,3
166,532,963.85,276.86,64.68,62.17,4
166,522,993.28,335.11,64.35,50.87,3
167,519,1128.31,512.96,43.64,54.20,3
167,521,654.66,132.71,33.50,25.25,3
167,516,604.85,643.96,44.71,52.71,3
167,526,761.44,193.63,36.98,29.03,0
167,528,674.19,800.75,91.99,45.69,0
167,520,706.54,149.41,27.98,20.97,3
167,529,769.91,219.08,45.44,33.41,3
167,515,1034.92,449.46,29.13,48.44,3
167,532,962.93,277.54,65.48,62.89,4
167,522,994.58,336.84,64.48,51.03,3
167,523,810.31,359.09,59.73,58.12,3
168,519,1129.51,515.22,42.80,53.80,3
168,521,601.27,140.71,34.99,26.78,3
168,516,670.63,694.70,54.32,56.98,3
168,526,761.53,194.00,37.43,29.29,0
168,528,671.55,340.08,58.72,31.11,0
168,520,706.70,149.40,27.94,20.90,3
168,529,770.39,219.14,46.29,33.96,3
168,515,1035.33,450.43,28.47,47.19,3
168,532,964.09,278.39,65.64,63.14,4
168,522,995.43,337.36,65.41,51.65,3
168,523,809.27,359.48,61.52,59.90,3
168,517,1114.08,331.24,76.00,49.56,4
168,518,394.81,336.47,74.24,72.01,3
169,519,1131.37,517.70,42.31,53.74,3
169,521,582.64,143.87,35.24,27.23,3
169,516,691.54,710.27,63.41,61.41,3
169,526,761.35,194.52,37.47,29.26,0
169,528,671.09,190.61,47.38,26.49,0
169,520,706.85,149.18,27.55,20.53,3
169,529,770.19,219.41,46.67,34.10,3
169,515,1035.56,451.25,28.57,47.50,3
169,532,964.47,279.43,65.30,62.53,4
169,522,995.72,338.50,65.99,52.12,3
169,523,809.66,360.49,62.15,60.48,3
169,517,1129.69,268.35,65.02,41.30,4
169,518,394.18,338.59,73.84,71.59,3
170,521,662.83,127.44,30.66,24.07,3
170,516,697.74,712.57,71.33,65.40,3
170,526,761.32,194.88,37.74,29.42,0
170,528,671.98,149.13,43.00,25.19,0
170,520,706.87,149.20,27.76,20.66,3
170,529,769.63,220.54,46.51,34.00,3
170,515,1035.89,452.36,28.43,47.43,3
170,532,964.97,281.13,64.86,61.88,4
170,522,996.32,339.92,66.44,52.44,3
170,523,809.76,362.03,62.41,60.71,3
170,517,1133.05,275.86,67.47,42.85,4
170,518,393.04,340.01,73.68,71.28,3
171,516,695.84,708.98,79.96,70.84,3
171,526,761.88,195.40,37.62,29.29,0
171,528,697.71,132.35,38.79,23.72,0
171,520,707.02,149.04,27.49,20.41,3
171,529,770.46,221.22,46.05,33.65,3
171,515,1036.16,452.56,28.89,48.51,3
171,532,966.44,281.98,64.62,61.65,4
171,522,997.07,341.50,66.98,52.93,3
171,523,810.61,363.84,62.99,61.44,3
171,517,1140.10,230.00,57.72,35.72,4
171,518,392.09,341.29,73.58,71.11,3
171,519,427.70,560.81,42.50,55.19,3
172,516,692.27,703.33,88.18,76.52,3
172,526,762.11,195.82,37.39,29.05,0
172,528,683.09,128.33,38.25,24.21,0
172,520,707.11,148.96,27.55,20.40,3
172,529,770.89,221.93,46.31,33.76,3
172,515,1036.00,452.17,29.88,50.78,3
172,532,966.51,282.91,64.64,61.49,4
172,522,998.17,342.76,67.24,53.13,3
172,523,811.62,365.39,62.53,61.02,3
172,517,1117.52,334.50,79.74,46.07,4
172,518,390.62,341.90,74.63,72.13,3
172,519,145.17,580.74,37.56,48.05,3
172,521,701.05,119.63,28.81,23.05,3
173,516,687.26,696.92,96.09,82.66,3
173,526,761.76,196.22,37.24,28.83,0
173,528,678.54,127.34,36.89,24.06,0
173,520,707.75,148.75,27.40,20.24,3
173,529,770.47,222.06,46.93,34.10,3
173,515,1036.66,452.57,29.59,50.51,3
173,532,966.18,283.09,65.72,62.29,4
173,522,998.97,343.97,67.95,53.72,3
173,523,811.88,366.36,62.12,60.52,3
173,517,850.39,247.94,59.59,35.52,4
173,518,389.20,342.77,75.12,72.58,3
173,519,814.21,544.25,42.75,55.99,3
173,521,710.31,118.70,27.73,22.54,3
174,516,682.45,690.25,102.77,88.19,3
174,526,1018.16,209.45,42.98,31.76,0
174,528,676.82,164.29,40.10,26.76,0
174,520,707.36,148.66,27.33,20.12,3
174,529,770.50,222.44,47.17,34.29,3
174,515,1037.32,453.11,31.31,53.34,3
174,532,966.73,284.02,66.86,63.43,4
174,522,999.17,345.27,68.02,53.65,3
174,523,811.08,367.54,63.44,61.95,3
174,517,1024.54,340.45,82.83,47.59,4
174,518,387.91,344.09,75.87,73.36,3
174,519,1023.00,536.67,42.96,56.88,3
174,521,713.88,119.17,26.81,22.03,3
175,526,1046.98,211.39,43.41,32.08,0
175,528,675.72,176.69,41.47,28.38,0
175,520,707.37,148.56,27.30,20.01,3
175,529,771.12,223.54,47.03,34.11,3
175,515,1039.03,454.39,31.28,53.15,3
175,532,967.65,284.31,67.38,64.26,4
175,522,999.74,346.73,68.19,53.80,3
175,523,811.27,368.57,64.12,62.71,3
175,517,864.90,261.12,63.63,37.63,4
175,518,387.10,345.73,75.54,72.89,3
175,519,1111.05,534.26,41.69,55.30,3
175,521,715.66,119.44,25.77,21.29,3
176,526,268.48,497.72,60.71,47.21,0
176,528,729.33,192.55,42.94,29.80,0
176,520,707.50,149.20,27.26,19.87,3
176,529,770.41,223.58,47.27,34.22,3
176,515,1039.84,455.43,30.82,51.94,3
176,532,968.21,285.29,67.93,64.99,4
176,522,1000.87,347.53,68.72,54.24,3
176,523,811.12,370.21,64.95,63.63,3
176,517,1030.19,344.69,84.56,48.48,4
176,518,386.05,347.42,76.35,73.65,3
176,519,1144.75,535.05,42.71,56.96,3
176,521,716.15,119.28,25.65,21.35,3
176,516,674.81,677.83,113.08,97.98,3
177,526,759.51,347.37,53.97,39.94,0
177,528,750.87,198.90,43.09,30.27,0
177,520,707.30,148.72,27.45,19.97,3
177,529,770.71,224.09,48.04,34.72,3
177,515,1040.62,455.67,31.75,53.48,3
177,532,968.55,286.32,68.53,65.44,4
177,522,1002.29,348.58,69.32,54.75,3
177,523,812.06,371.61,64.19,63.00,3
177,517,1077.39,369.85,97.10,54.58,4
177,518,384.85,348.05,76.83,74.14,3
177,519,1158.10,537.01,43.92,58.84,3
177,521,717.03,118.96,25.17,21.10,3
177,516,670.58,672.05,117.07,102.49,3
178,528,758.47,201.11,43.21,30.71,0
178,520,707.00,148.56,27.93,20.31,3
178,529,770.65,224.65,48.29,34.81,3
178,515,1042.34,456.26,30.65,51.38,3
178,532,969.04,286.99,68.15,65.11,4
178,522,1002.86,349.66,69.03,54.56,3
178,523,813.45,372.96,63.70,62.56,3
178,517,1098.47,382.75,101.21,55.42,4
178,518,384.30,348.99,76.96,74.28,3
178,519,1162.58,538.26,42.73,57.95,3
178,521,692.96,159.09,30.36,25.42,3
178,516,667.58,666.67,120.63,106.90,3
179,520,707.03,148.42,28.14,20.44,3
179,529,770.91,225.20,48.38,34.81,3
179,515,1043.29,456.29,31.71,53.20,3
179,532,972.35,287.76,68.07,65.45,4
179,522,1003.93,351.08,69.59,55.05,3
179,523,813.74,374.41,63.95,62.78,3
179,517,1108.02,398.33,105.35,57.68,4
179,518,383.46,350.00,76.97,74.32,3
179,519,1163.21,540.69,42.20,58.08,3
179,521,684.62,173.02,31.80,26.62,3
179,516,665.08,660.23,124.83,112.51,3
179,526,1054.92,255.77,50.55,35.90,0
