1,1449,147.71,690.49,285.22,116.34,6
1,1450,430.00,575.88,68.34,27.17,3
1,1451,-0.95,453.91,76.50,68.84,5
2,1449,183.04,681.26,287.08,117.01,6
2,1450,429.98,576.25,68.93,27.42,3
2,1451,-1.60,453.05,78.61,70.78,5
3,1449,219.98,676.01,278.12,113.41,6
3,1450,429.60,575.50,70.46,28.03,3
3,1451,-0.88,453.98,76.98,69.32,5
4,1449,269.11,668.77,278.17,114.10,6
4,1450,1901.06,521.28,73.19,28.89,3
4,1451,-1.58,453.72,76.93,69.35,5
5,1449,304.34,662.84,273.71,112.64,6
5,1450,2395.19,503.32,73.88,28.98,3
5,1451,-2.48,454.84,75.52,68.21,5
6,1449,336.42,658.26,267.43,110.47,6
6,1450,2545.66,499.29,73.16,28.39,3
6,1451,-2.49,455.28,74.64,67.53,5
7,1449,372.17,653.16,261.01,108.27,6
7,1450,2577.67,498.92,75.07,28.81,3
7,1451,-3.09,454.85,74.97,68.09,5
8,1449,409.98,648.82,250.58,104.29,6
8,1450,2580.42,498.22,73.28,27.90,3
8,1451,-2.96,454.36,75.57,68.93,5
9,1449,442.88,644.29,246.73,103.14,6
9,1450,2569.23,500.31,73.32,27.58,3
9,1451,-2.75,454.51,74.89,68.55,5
9,1452,424.75,574.61,72.24,29.31,3
10,1449,472.55,638.55,246.07,103.50,6
10,1450,2558.06,502.38,74.06,27.42,3
10,1451,-2.57,454.30,74.60,68.54,5
10,1452,425.46,574.61,71.55,29.06,3
11,1450,2763.69,495.44,73.93,27.37,3
11,1451,-3.56,454.02,75.11,69.44,5
11,1452,425.48,574.05,70.89,28.83,3
12,1451,-3.69,454.03,74.93,69.76,5
12,1452,424.30,574.03,70.47,28.69,3
12,1449,542.16,629.87,230.89,98.09,6
13,1451,-3.54,454.17,74.10,69.55,5
13,1452,424.56,574.59,68.81,28.05,3
13,1449,571.07,623.49,230.72,98.47,6
13,1450,2510.61,915.58,175.39,69.49,3
14,1451,-3.46,454.33,73.06,69.09,5
14,1452,424.92,574.43,66.51,27.10,3
14,1449,598.71,619.27,223.97,95.86,6
14,1450,2522.72,973.22,178.35,75.52,3
15,1451,-3.56,454.36,72.10,68.70,5
15,1452,424.32,574.21,66.18,26.91,3
15,1449,629.86,617.72,212.65,91.02,6
15,1450,2513.16,999.31,173.00,78.07,3
16,1451,-3.01,454.63,71.14,68.29,5
16,1452,424.13,574.18,66.74,27.12,3
16,1449,664.10,618.05,199.39,84.97,6
16,1450,2504.55,1008.79,164.71,79.04,3
17,1451,-2.77,454.53,70.45,68.13,5
17,1452,423.61,574.17,66.54,26.98,3
17,1449,690.38,612.96,200.02,85.30,6
17,1450,2500.08,1011.80,154.28,78.54,3
18,1451,-3.13,454.49,69.95,68.20,5
18,1452,422.66,573.87,66.46,26.88,3
18,1449,715.68,606.72,197.31,84.13,6
18,1450,2496.75,1011.19,145.77,78.55,3
19,1452,424.52,573.31,68.80,27.82,3
19,1449,743.20,601.43,196.52,83.94,6
19,1450,2598.33,1049.99,153.74,82.85,3
20,1449,779.77,599.82,191.68,82.02,6
20,1450,2699.91,1088.78,161.72,87.15,3
20,1451,4.47,452.57,71.43,68.00,5
21,1450,2801.48,1127.58,169.69,91.45,3
21,1451,12.53,452.83,73.29,66.50,5
21,1452,451.41,572.52,67.21,27.06,3
22,1452,472.19,572.25,65.33,26.22,3
22,1449,865.59,595.61,180.63,77.32,6
23,1452,495.67,571.43,62.78,25.01,3
23,1449,911.31,594.46,174.83,74.71,6
24,1452,520.25,570.74,62.78,24.87,3
24,1449,954.52,589.51,174.13,74.54,6
24,1451,1425.83,472.39,98.13,77.39,5
25,1452,544.45,569.87,62.81,24.82,3
25,1449,996.88,585.53,172.50,74.03,6
25,1451,1410.69,747.07,98.28,72.23,5
25,1450,1804.71,543.60,155.45,79.37,3
26,1452,567.83,569.40,63.71,25.21,3
26,1451,1421.89,859.23,104.87,73.35,5
26,1450,1821.15,537.42,153.42,78.33,3
27,1452,589.05,568.01,66.64,26.37,3
27,1451,1450.23,903.85,111.18,74.53,5
27,1450,358.55,455.69,54.59,27.20,3
27,1449,1081.16,578.07,171.90,74.33,6
28,1451,1488.61,924.67,115.73,74.48,5
28,1450,228.08,441.99,42.51,21.19,3
28,1449,1121.85,574.04,171.29,74.37,6
29,1451,1526.32,936.25,121.12,75.24,5
29,1450,-14.57,423.53,71.80,38.41,3
29,1449,392.67,547.59,101.05,44.41,6
29,1452,634.54,566.19,65.22,25.87,3
30,1451,1563.97,943.75,129.40,78.23,5
30,1450,-71.31,465.39,54.34,31.38,3
30,1449,158.74,457.12,45.04,19.78,6
30,1452,657.52,566.50,64.35,25.66,3
31,1451,1605.28,950.63,134.86,79.26,5
31,1450,-49.68,515.81,52.75,31.09,3
31,1449,-0.94,495.50,54.61,24.57,6
31,1452,679.23,565.41,65.94,26.50,3
32,1451,1648.13,958.33,139.60,80.15,5
32,1450,-25.62,505.24,46.06,26.46,3
32,1449,-14.13,521.97,64.66,29.68,6
32,1452,349.54,480.76,49.30,20.00,3
32,1456,25.98,415.60,89.42,43.67,5
33,1451,1694.43,966.97,141.12,79.05,5
33,1450,25.23,528.76,53.04,30.34,3
33,1449,-4.78,506.37,56.51,25.99,6
33,1452,231.55,445.29,40.15,16.47,3
33,1456,567.46,529.77,63.86,31.11,5
34,1451,1737.26,974.51,147.08,80.92,5
34,1450,35.55,508.71,45.16,25.26,3
34,1449,50.96,527.84,65.10,30.50,6
34,1452,213.69,435.14,36.81,15.22,3
34,1456,758.44,566.18,52.45,25.43,5
35,1451,1772.93,981.36,151.25,82.11,5
35,1450,46.62,498.27,42.57,23.31,3
35,1449,74.82,534.81,69.14,33.04,6
35,1452,214.88,432.14,35.33,14.69,3
35,1456,1306.10,780.44,102.15,49.39,5
36,1451,1802.99,986.80,157.98,84.99,5
36,1450,47.70,494.07,42.88,23.15,3
36,1449,90.85,539.09,71.43,34.62,6
36,1452,216.58,431.66,34.63,14.46,3
36,1456,1517.79,851.90,115.78,55.81,5
37,1451,1570.29,882.34,126.80,66.66,5
37,1450,43.71,491.77,43.27,23.18,3
37,1449,104.28,541.39,71.28,35.08,6
37,1452,217.62,431.91,34.56,14.53,3
37,1456,1824.19,977.87,158.12,76.37,5
37,1458,209.91,542.81,59.35,30.54,3
38,1450,38.02,490.13,43.51,23.03,3
38,1449,115.84,544.20,68.27,33.96,6
38,1452,1323.74,819.81,158.01,67.57,3
38,1456,2158.11,1090.24,176.10,85.05,5
38,1458,216.25,545.93,57.57,29.61,3
39,1450,32.70,488.71,42.95,22.42,3
39,1449,124.68,545.56,68.69,34.62,6
39,1452,1469.89,727.60,167.35,72.17,3
39,1456,2068.03,1068.71,185.36,89.56,5
39,1458,226.08,548.13,56.88,29.30,3
39,1451,1467.09,829.89,116.90,59.14,5
40,1450,28.13,487.42,43.09,22.29,3
40,1449,133.63,547.16,69.04,35.20,6
40,1452,1775.47,909.85,197.14,86.00,3
40,1456,898.77,756.53,122.83,62.36,5
40,1458,233.94,551.08,56.28,28.98,3
40,1451,1479.73,831.06,119.27,59.38,5
41,1450,21.58,486.11,43.86,22.48,3
41,1449,142.65,549.30,69.30,35.50,6
41,1452,1930.76,996.80,211.43,93.41,3
41,1456,543.83,566.61,88.97,47.41,5
41,1458,243.13,553.37,56.79,29.29,3
41,1451,1499.18,834.73,125.04,61.58,5
41,1459,225.80,436.09,33.27,14.95,3
42,1450,16.47,485.10,44.79,22.77,3
42,1449,151.18,551.15,68.21,35.25,6
42,1452,2014.07,1038.65,220.34,98.67,3
42,1456,184.52,532.84,79.36,44.03,5
42,1458,250.02,554.89,58.32,30.13,3
42,1451,1523.70,840.77,127.22,61.78,5
42,1459,225.24,436.05,32.99,14.82,3
43,1450,10.28,483.51,46.59,23.61,3
43,1449,159.71,552.99,67.58,35.19,6
43,1452,2069.40,1062.56,219.51,98.97,3
43,1456,146.85,463.69,81.48,44.65,5
43,1458,258.69,556.56,58.48,30.23,3
43,1451,1550.67,847.31,130.76,62.62,5
43,1459,223.11,436.29,33.39,15.02,3
44,1450,3.20,482.02,49.35,25.14,3
44,1449,167.95,554.65,68.59,36.11,6
44,1452,2107.85,1075.36,220.24,100.07,3
44,1456,61.77,496.90,78.77,44.37,5
44,1458,265.86,558.45,61.13,31.63,3
44,1451,1577.57,853.41,134.33,63.73,5
44,1459,222.60,436.66,33.54,15.10,3
44,1462,750.16,564.37,60.98,24.39,3
45,1450,-2.35,481.23,49.11,25.25,3
45,1449,176.21,557.49,68.76,36.43,6
45,1452,2141.61,1085.36,222.20,101.60,3
45,1456,28.66,509.88,76.51,43.80,5
45,1458,272.05,560.76,63.36,32.85,3
45,1451,1603.54,860.12,139.25,65.66,5
45,1459,221.80,437.06,34.10,15.38,3
45,1462,748.66,565.09,63.56,25.46,3
46,1450,-5.32,480.46,47.51,24.85,3
46,1449,183.76,559.69,69.51,37.12,6
46,1452,2172.30,1092.64,229.31,105.63,3
46,1456,16.75,515.26,76.43,44.29,5
46,1458,280.66,565.21,60.29,31.11,3
46,1451,1631.53,867.31,142.82,66.78,5
46,1459,221.80,437.32,33.94,15.32,3
46,1462,748.21,565.16,63.31,25.40,3
47,1450,-7.19,479.83,45.74,24.58,3
47,1449,191.43,561.72,69.44,37.33,6
47,1452,2209.95,1101.65,224.54,103.73,3
47,1456,14.91,517.79,75.63,44.38,5
47,1458,290.36,566.35,60.41,31.28,3
47,1451,1658.26,873.52,149.74,69.78,5
47,1459,221.25,437.63,34.16,15.41,3
47,1462,749.31,565.46,60.84,24.40,3
48,1450,-10.97,478.98,44.49,24.97,3
48,1449,198.68,563.48,70.07,38.02,6
48,1452,2242.10,1110.03,225.75,104.65,3
48,1456,18.33,519.94,74.28,44.08,5
48,1458,298.21,568.83,60.46,31.31,3
48,1451,1687.22,881.30,151.38,70.13,5
48,1459,220.41,438.09,33.89,15.30,3
48,1462,747.32,565.44,62.97,25.30,3
49,1450,-13.04,477.71,43.23,25.54,3
49,1449,207.22,565.94,69.44,37.86,6
49,1452,2275.07,1117.72,230.57,107.21,3
49,1456,23.22,521.48,73.08,43.95,5
49,1458,305.86,570.62,61.80,32.01,3
49,1451,1717.40,888.79,154.05,70.97,5
49,1459,219.35,438.31,34.29,15.55,3
49,1462,745.29,565.20,64.21,25.85,3
50,1449,216.60,568.60,68.78,37.52,6
50,1452,2312.63,1126.75,230.34,107.54,3
50,1456,29.18,522.35,73.06,44.43,5
50,1458,314.93,574.06,61.08,31.67,3
50,1451,1749.84,896.90,156.18,71.61,5
50,1459,218.84,438.26,35.05,16.01,3
50,1462,744.99,566.06,63.77,25.72,3
51,1449,224.99,570.74,68.05,37.29,6
51,1452,2349.87,1134.59,233.53,109.28,3
51,1456,35.76,523.30,73.81,45.41,5
51,1458,324.07,576.73,61.05,31.74,3
51,1451,1783.53,904.54,157.47,71.87,5
51,1459,218.34,437.96,35.69,16.40,3
51,1462,744.53,566.06,63.43,25.64,3
52,1449,232.16,573.47,68.14,37.44,6
52,1452,2387.16,1142.91,239.25,112.10,3
52,1456,41.25,523.94,74.59,46.30,5
52,1458,333.97,578.79,60.22,31.20,3
52,1451,1817.07,911.71,159.22,72.29,5
52,1459,217.22,437.90,35.60,16.36,3
52,1462,744.35,565.99,63.21,25.60,3
53,1449,240.60,575.20,68.22,37.85,6
53,1452,2427.34,1151.44,243.86,114.47,3
53,1456,48.79,525.63,72.53,45.26,5
53,1458,343.64,581.88,56.74,29.11,3
53,1451,1850.87,919.92,162.46,73.39,5
53,1459,124.94,424.97,73.87,34.12,3
53,1462,744.55,565.94,60.91,24.65,3
53,1450,440.63,560.08,54.08,31.22,3
54,1449,249.64,577.51,68.00,37.91,6
54,1452,2470.38,1161.77,245.68,115.33,3
54,1456,55.29,527.30,72.96,45.81,5
54,1458,352.39,586.76,53.93,27.01,3
54,1451,1885.15,927.57,165.73,74.65,5
54,1459,95.76,420.84,86.06,39.98,3
54,1462,745.35,566.13,60.14,24.33,3
54,1450,487.14,564.39,55.53,31.62,3
55,1449,258.59,579.27,67.03,37.50,6
55,1456,60.97,528.53,74.02,46.84,5
55,1458,361.63,585.97,58.45,29.45,3
55,1451,1920.43,935.33,170.56,76.63,5
55,1459,81.90,418.60,92.05,43.11,3
55,1462,744.38,566.34,61.52,24.95,3
55,1450,525.09,571.18,56.44,32.14,3
56,1449,265.86,580.91,66.26,37.14,6
56,1458,369.82,589.48,58.00,28.78,3
56,1451,1956.36,943.57,173.27,77.51,5
56,1459,74.69,417.76,94.32,44.49,3
56,1462,744.24,566.49,61.62,25.04,3
56,1450,563.04,577.97,57.34,32.65,3
56,1452,2536.27,1182.90,245.60,118.87,3
57,1451,1992.00,951.92,177.60,79.31,5
57,1459,62.86,416.29,99.19,46.78,3
57,1462,743.25,566.35,62.64,25.48,3
57,1450,600.98,584.76,58.25,33.17,3
57,1452,2544.24,1195.23,276.15,141.34,3
57,1456,73.76,532.31,74.39,47.82,5
58,1451,2028.81,960.57,179.81,80.28,5
58,1459,69.19,416.18,96.26,45.56,3
58,1462,742.73,566.59,61.85,25.08,3
58,1450,468.73,559.46,62.70,36.10,3
58,1452,2575.54,1207.07,261.75,142.90,3
58,1456,80.68,534.44,73.56,47.59,5
58,1449,280.82,584.19,66.66,37.40,6
58,1458,383.60,593.74,63.55,31.57,3
59,1451,2065.06,969.47,183.31,81.74,5
59,1462,741.75,567.06,62.86,25.45,3
59,1450,452.64,556.96,64.82,37.37,3
59,1452,2645.69,1231.49,265.98,145.21,3
59,1456,87.37,536.09,74.43,48.42,5
59,1449,288.96,586.63,68.39,38.51,6
59,1458,392.00,593.81,68.12,34.14,3
60,1450,474.29,560.75,66.11,38.12,3
60,1452,2715.85,1255.91,270.20,147.52,3
60,1456,93.28,537.43,75.34,49.13,5
60,1449,295.70,588.50,69.61,39.19,6
60,1458,411.09,567.06,70.50,35.72,3
61,1456,101.69,539.02,75.25,49.24,5
61,1449,303.46,590.52,69.20,38.91,6
61,1458,412.67,555.27,70.64,36.23,3
61,1459,329.94,554.47,79.38,38.39,3
61,1451,2143.96,987.24,187.80,83.53,5
61,1462,740.47,567.26,63.12,25.45,3
62,1449,310.97,592.11,70.19,39.46,6
62,1458,405.04,549.10,71.25,36.87,3
62,1459,342.12,564.42,78.45,37.94,3
62,1451,2183.66,995.30,192.49,85.72,5
62,1462,740.48,566.85,62.22,25.03,3
63,1449,317.25,592.22,72.80,40.90,6
63,1458,395.51,544.73,69.79,36.34,3
63,1459,240.88,463.89,40.47,19.45,3
63,1451,2225.94,1003.61,194.55,86.46,5
63,1462,742.15,565.65,60.11,24.22,3
63,1456,114.61,540.57,74.90,49.25,5
64,1449,325.58,592.13,73.58,41.50,6
64,1458,385.77,540.90,67.93,35.79,3
64,1459,215.12,438.86,32.84,15.62,3
64,1451,2269.38,1011.52,197.20,87.34,5
64,1462,739.40,563.54,64.22,26.08,3
64,1456,121.17,540.76,75.32,49.71,5
64,1450,154.05,434.93,65.34,39.17,3
65,1458,373.33,537.57,67.28,35.60,3
65,1459,210.02,434.72,31.34,14.81,3
65,1451,2314.84,1021.16,198.87,87.75,5
65,1462,739.20,563.11,63.15,25.74,3
65,1456,126.84,541.35,77.08,50.99,5
65,1450,145.47,428.40,65.38,39.19,3
66,1458,361.24,533.90,67.76,36.05,3
66,1451,2359.00,1031.64,204.45,90.31,5
66,1462,740.29,562.48,60.46,24.61,3
66,1456,135.27,542.90,76.39,50.83,5
66,1450,136.89,421.87,65.41,39.22,3
66,1449,342.24,594.30,71.14,40.37,6
67,1451,2404.02,1041.81,213.64,94.53,5
67,1462,738.82,562.37,61.64,25.07,3
67,1456,141.08,544.96,77.14,51.59,5
67,1450,128.30,415.33,65.45,39.24,3
67,1449,350.44,596.01,70.76,40.27,6
67,1452,1939.62,545.07,85.07,50.94,3
67,1459,207.73,432.52,32.15,15.01,3
68,1456,146.88,547.54,76.60,51.41,5
68,1450,119.72,408.80,65.49,39.26,3
68,1449,355.92,597.76,70.87,40.06,6
68,1452,1924.81,510.75,73.94,44.28,3
68,1459,206.35,432.84,32.70,15.17,3
68,1458,337.81,531.69,64.66,34.93,3
69,1449,362.80,600.03,68.00,38.24,6
69,1452,1910.00,476.44,62.81,37.62,3
69,1459,203.15,430.10,32.92,15.27,3
69,1458,329.49,532.15,61.29,33.02,3
69,1451,2500.99,1067.36,217.92,96.59,5
69,1462,736.63,562.68,61.95,25.28,3
70,1449,368.78,603.05,63.80,36.35,6
70,1459,203.06,433.54,33.20,15.33,3
70,1458,317.68,529.82,62.56,33.73,3
70,1451,2531.89,1080.46,223.83,102.44,5
70,1462,735.84,563.18,61.89,25.38,3
70,1456,157.57,552.59,76.25,51.50,5
71,1459,202.47,434.19,34.07,15.69,3
71,1458,306.68,527.66,62.58,33.89,3
71,1451,2548.24,1093.82,249.53,121.49,5
71,1462,734.70,563.28,63.14,25.93,3
71,1456,163.19,554.46,77.03,52.15,5
72,1459,201.49,434.31,34.86,16.09,3
72,1451,2585.29,1104.03,254.60,123.96,5
72,1462,732.53,563.57,63.50,26.07,3
72,1456,169.35,557.63,78.64,53.41,5
72,1450,78.99,415.38,76.58,42.14,3
73,1451,2622.33,1114.25,259.67,126.43,5
73,1462,732.11,565.56,60.75,24.81,3
73,1456,174.20,560.69,78.92,53.77,5
73,1450,68.23,413.87,79.75,43.74,3
73,1458,283.06,525.24,62.14,34.18,3
74,1462,730.84,566.31,59.68,24.30,3
74,1456,178.67,562.49,79.77,54.59,5
74,1450,59.85,412.47,82.92,44.85,3
74,1458,271.93,524.78,60.32,33.35,3
74,1459,201.02,435.14,34.25,15.86,3
75,1456,183.39,565.66,78.34,53.69,5
75,1450,40.87,407.74,89.61,48.47,3
75,1458,261.48,523.96,59.39,32.92,3
75,1459,199.06,435.45,34.31,15.88,3
75,1452,1459.05,453.09,31.71,16.73,3
76,1450,21.89,403.01,96.30,52.09,3
76,1458,249.97,522.49,58.89,32.72,3
76,1459,196.95,435.59,34.16,15.81,3
76,1452,1441.39,451.75,36.71,17.39,3
76,1462,728.03,567.08,59.02,23.73,3
77,1450,46.19,411.70,87.95,46.41,3
77,1458,278.86,470.89,95.54,53.29,3
77,1459,195.97,435.88,33.09,15.28,3
77,1452,1430.34,450.86,39.90,17.74,3
77,1462,725.94,568.23,59.14,23.60,3
77,1456,193.07,570.99,78.89,54.06,5
78,1450,45.52,412.51,89.74,46.32,3
78,1458,286.99,453.87,107.19,59.90,3
78,1459,193.90,435.99,32.31,14.88,3
78,1452,1427.12,451.40,43.45,18.47,3
78,1462,723.64,568.16,60.89,24.32,3
78,1456,197.31,573.09,80.25,54.97,5
79,1450,43.37,412.87,92.08,46.88,3
79,1458,291.75,446.98,108.85,61.01,3
79,1459,191.06,436.01,33.42,15.34,3
79,1452,1424.42,452.22,46.70,19.37,3
79,1462,722.05,568.95,61.75,24.74,3
79,1456,202.04,575.66,81.21,55.76,5
79,1449,220.76,519.88,59.98,34.33,6
79,1451,1863.78,503.04,135.01,67.38,5
80,1450,39.02,412.59,94.10,47.56,3
80,1459,187.69,435.66,34.64,15.88,3
80,1452,1408.01,448.59,47.21,19.58,3
80,1456,206.17,578.86,81.77,56.31,5
80,1449,203.65,515.82,57.44,33.10,6
80,1451,1836.71,469.11,126.77,63.27,5
81,1450,37.50,413.57,89.48,44.95,3
81,1456,207.11,582.42,81.78,56.40,5
81,1449,188.54,514.62,56.14,32.20,6
81,1451,1809.63,435.18,118.53,59.15,5
81,1462,713.52,570.22,64.07,25.80,3
82,1450,25.30,413.61,92.77,46.01,3
82,1456,205.52,586.61,83.04,57.44,5
82,1449,169.99,514.06,55.75,31.96,6
82,1451,1778.19,458.22,124.65,62.97,5
82,1462,705.85,570.14,65.11,26.29,3
82,1459,173.43,436.24,34.92,16.06,3
83,1456,196.36,590.28,85.05,58.86,5
83,1449,158.15,509.47,55.22,31.65,6
83,1451,1756.96,453.98,122.40,62.66,5
83,1462,692.14,571.29,66.19,26.88,3
83,1459,158.34,436.67,35.07,16.13,3
84,1456,181.55,595.95,84.16,58.19,5
84,1449,112.19,514.09,55.45,31.80,6
84,1451,1734.85,453.91,121.13,62.57,5
84,1462,670.99,573.47,69.46,28.25,3
84,1459,134.39,438.50,35.23,16.33,3
84,1452,1357.37,454.37,45.81,18.42,3
84,1450,-5.61,416.12,92.43,46.50,3
85,1462,648.30,578.28,66.60,27.02,3
85,1459,127.89,438.56,35.38,16.40,3
85,1452,1342.96,453.17,45.41,18.26,3
85,1450,-17.64,423.35,83.78,44.37,3
86,1456,139.62,611.97,89.68,61.91,5
86,1449,36.27,520.65,56.54,32.49,6
87,1456,121.77,620.29,87.19,60.14,5
87,1449,31.48,474.80,37.89,21.06,6
87,1462,598.28,585.38,72.77,29.72,3
87,1452,1291.92,464.13,48.10,18.68,3
88,1449,12.46,467.73,35.52,19.75,6
88,1462,575.81,588.70,71.46,29.11,3
88,1452,1272.26,466.40,48.70,18.76,3
89,1462,558.60,590.70,73.89,30.23,3
89,1452,1256.79,467.73,46.63,18.01,3
90,1462,551.20,591.88,72.67,29.48,3
90,1452,1245.40,468.66,44.13,16.95,3
90,1456,99.88,635.50,86.59,58.35,5
91,1462,548.84,592.51,71.28,28.84,3
91,1452,1237.38,468.52,45.06,17.05,3
91,1456,102.66,639.64,87.60,58.82,5
92,1462,547.66,592.88,73.10,29.60,3
92,1456,111.28,642.56,84.56,56.23,5
93,1456,108.73,647.16,83.90,55.80,5
93,1452,1225.15,467.88,49.60,18.48,3
94,1452,1219.88,467.70,51.84,18.98,3
94,1462,546.77,592.90,74.01,30.05,3
95,1452,1214.01,467.90,52.33,19.15,3
95,1462,545.47,593.54,75.58,30.87,3
96,1452,1207.35,467.70,52.06,18.96,3
96,1462,544.42,593.03,74.85,30.58,3
97,1452,1201.65,467.83,52.45,19.07,3
97,1462,546.95,593.06,71.17,28.94,3
98,1462,547.79,592.66,70.24,28.50,3
98,1451,1205.22,463.43,39.84,19.02,5
99,1451,1168.69,461.86,34.33,16.39,5
99,1452,1191.40,467.08,50.52,18.43,3
100,1452,1185.75,466.84,52.71,19.27,3
100,1462,546.21,593.43,69.52,28.23,3
101,1452,1176.07,466.28,56.60,20.48,3
101,1462,547.74,593.42,67.04,27.17,3
102,1452,1172.55,466.66,55.25,19.88,3
102,1462,547.13,594.09,66.72,27.08,3
102,1459,1519.24,479.30,151.04,72.77,3
103,1462,545.45,593.80,68.33,27.77,3
103,1459,1591.85,481.46,157.20,75.74,3
103,1458,73.88,473.61,67.12,43.94,3
104,1458,63.49,475.31,65.88,43.13,3
105,1462,536.94,595.26,75.89,30.91,3
106,1462,535.56,595.30,75.01,30.45,3
106,1459,1571.24,484.55,152.69,74.60,3
107,1459,1640.12,488.02,152.46,74.49,3
108,1452,1444.81,482.30,188.52,70.54,3
108,1462,534.44,595.95,75.71,30.78,3
109,1452,1469.59,483.60,195.43,75.65,3
109,1462,535.11,596.23,73.65,29.92,3
110,1452,1476.30,484.16,196.35,78.46,3
110,1462,533.25,595.69,76.70,31.30,3
111,1452,1476.30,486.08,191.00,78.56,3
111,1462,534.04,595.83,75.51,30.86,3
111,1458,64.11,473.67,61.78,46.79,3
112,1462,533.76,595.56,77.28,31.72,3
112,1458,59.85,473.93,62.32,47.20,3
113,1462,530.93,595.69,79.39,32.77,3
113,1458,66.19,474.40,55.00,46.19,3
113,1452,1467.52,489.77,176.08,75.95,3
114,1462,530.21,595.82,79.89,33.22,3
114,1458,68.17,474.00,51.03,46.21,3
114,1452,1459.20,490.31,173.70,76.34,3
115,1462,530.39,595.37,78.21,32.67,3
115,1458,69.52,473.88,47.98,45.84,3
115,1452,1453.02,489.96,171.66,76.59,3
116,1462,530.53,595.47,76.51,32.05,3
116,1458,69.71,475.65,44.57,44.53,3
116,1452,1444.75,490.69,168.63,76.29,3
117,1462,528.44,595.18,77.13,32.43,3
117,1458,71.15,477.38,40.40,41.70,3
117,1452,1436.05,491.56,167.47,76.87,3
118,1462,524.77,594.56,79.47,33.51,3
118,1458,69.47,474.61,38.12,40.11,3
118,1452,1423.88,491.51,168.12,78.16,3
119,1458,67.35,474.71,37.66,39.62,3
119,1452,1411.81,493.18,164.85,77.34,3
120,1452,1388.83,493.55,164.91,78.07,3
120,1462,500.74,596.90,77.79,33.05,3
121,1452,1360.10,494.19,166.04,79.28,3
121,1462,481.83,597.90,77.40,33.11,3
122,1452,1335.74,495.24,164.85,79.27,3
122,1462,460.56,598.76,74.72,31.78,3
123,1452,1314.05,494.89,165.09,79.97,3
123,1462,447.58,599.52,74.43,31.63,3
123,1451,1078.26,1280.14,45.59,21.24,5
123,1458,17.48,463.43,71.70,70.31,3
124,1452,1300.02,495.38,165.33,80.56,3
124,1451,1072.41,1312.11,46.23,21.54,5
124,1458,10.48,463.72,77.33,71.94,3
124,1459,1238.67,897.60,129.95,61.08,3
125,1451,1066.56,1344.08,46.86,21.83,5
125,1458,6.72,463.96,80.44,72.17,3
125,1459,1237.92,910.83,135.63,63.87,3
125,1462,434.06,599.43,77.99,33.22,3
126,1458,4.13,464.12,83.12,72.85,3
126,1459,1256.40,920.40,138.74,65.56,3
126,1462,434.58,599.64,76.39,32.79,3
126,1452,1277.49,497.09,166.45,81.69,3
127,1458,1.52,463.27,86.55,74.68,3
127,1459,1282.02,928.53,143.39,67.83,3
127,1462,433.23,600.00,76.24,32.80,3
127,1452,1269.19,498.68,166.90,82.02,3
128,1458,0.43,464.41,88.01,75.00,3
128,1459,1310.72,936.39,146.78,69.37,3
128,1462,431.98,600.68,78.06,33.85,3
128,1452,1257.21,500.47,168.13,82.94,3
129,1458,0.34,466.36,87.19,73.49,3
129,1459,1341.78,944.54,150.29,70.90,3
129,1462,429.62,601.97,80.65,35.28,3
129,1452,1248.84,502.42,167.77,83.11,3
130,1458,1.05,467.26,86.60,72.13,3
130,1459,1373.26,951.72,153.66,72.36,3
130,1462,430.93,601.98,78.70,34.70,3
130,1452,1238.12,502.26,170.46,84.64,3
131,1458,0.95,467.67,87.07,71.85,3
131,1459,1406.98,958.22,156.11,73.39,3
131,1462,429.68,602.57,79.98,35.57,3
131,1452,1227.95,502.82,171.33,85.15,3
132,1458,0.93,468.45,86.80,71.05,3
132,1459,1442.30,965.74,157.05,73.47,3
132,1462,429.04,602.51,79.79,35.74,3
132,1452,1218.53,503.88,172.16,85.72,3
133,1458,0.23,467.79,87.54,71.28,3
133,1459,1477.90,971.55,162.04,75.82,3
133,1462,429.99,602.12,77.95,35.09,3
133,1452,1206.76,503.82,173.96,86.96,3
134,1458,-0.58,467.27,87.68,71.19,3
134,1459,1512.91,979.06,164.24,76.77,3
134,1462,430.48,601.58,76.81,34.70,3
134,1452,1198.23,504.14,175.39,87.56,3
135,1458,-1.25,466.85,87.87,71.24,3
135,1459,1546.08,986.15,168.12,78.46,3
135,1462,430.65,601.41,77.01,34.95,3
135,1452,1188.93,504.63,176.05,87.82,3
136,1458,-1.42,466.90,87.85,71.10,3
136,1459,1583.77,994.47,170.06,79.09,3
136,1462,429.62,601.22,77.41,35.25,3
136,1452,1177.41,504.42,177.98,88.33,3
137,1458,-2.64,466.82,88.23,71.69,3
137,1459,1621.01,1004.07,169.38,78.63,3
137,1462,428.46,601.96,75.56,34.40,3
137,1452,1164.02,505.04,179.49,89.05,3
137,1451,0.66,675.14,79.60,46.95,5
138,1459,1654.52,1010.87,172.81,80.10,3
138,1462,424.42,601.69,74.79,34.05,3
138,1452,1150.38,505.73,179.29,88.63,3
138,1451,-64.31,644.85,82.09,48.41,5
139,1462,416.65,601.46,76.31,34.75,3
139,1452,1132.60,505.65,183.18,90.60,3
139,1451,-129.29,614.57,84.58,49.88,5
140,1452,1115.13,505.83,185.82,91.55,3
140,1451,-194.27,584.28,87.07,51.35,5
140,1459,1723.15,1026.76,177.81,82.19,3
141,1451,-259.24,553.99,89.56,52.82,5
141,1459,1755.16,1033.77,182.89,84.69,3
141,1462,400.93,601.10,77.99,35.72,3
142,1459,1790.46,1041.99,186.33,86.31,3
142,1462,394.97,601.59,76.89,35.35,3
142,1452,1083.03,508.09,189.86,93.66,3
143,1459,1824.80,1049.23,190.92,88.78,3
143,1462,387.82,601.70,75.73,34.76,3
143,1452,1067.63,509.04,191.38,94.32,3
144,1459,1862.50,1057.42,192.57,89.10,3
144,1462,379.67,602.09,74.22,33.91,3
144,1452,1051.75,510.27,190.10,93.77,3
145,1459,1899.81,1065.43,196.06,91.13,3
145,1462,372.13,601.75,74.84,34.01,3
145,1452,1033.28,510.38,192.33,94.62,3
146,1459,1941.34,1075.10,195.17,90.80,3
146,1462,366.02,601.35,76.13,34.73,3
146,1452,1016.66,511.19,192.27,94.49,3
147,1459,1985.95,1084.46,196.72,91.61,3
147,1462,362.27,601.20,78.33,35.89,3
147,1452,1000.84,511.04,197.44,96.90,3
148,1459,2031.80,1095.07,200.09,93.28,3
148,1462,360.87,600.93,78.68,36.19,3
148,1452,989.49,512.33,197.40,96.88,3
148,1458,2519.67,983.35,96.72,73.73,3
149,1459,2079.28,1105.03,202.72,94.73,3
149,1462,359.52,601.26,79.15,36.43,3
149,1452,976.95,513.02,199.64,97.83,3
149,1458,1652.42,961.95,114.16,82.51,3
150,1459,2128.51,1115.89,202.42,94.55,3
150,1462,359.94,601.58,79.88,36.89,3
150,1452,966.92,513.76,201.60,98.97,3
150,1458,2248.16,994.17,112.97,72.49,3
150,1451,1111.03,919.18,149.82,86.02,5
151,1459,2178.57,1126.48,208.54,97.53,3
151,1462,360.27,601.70,79.30,36.73,3
151,1452,955.84,514.59,202.93,99.85,3
151,1458,1387.37,957.01,139.04,87.99,3
151,1451,1192.02,939.78,154.24,87.54,5
152,1459,2224.97,1137.88,219.18,102.76,3
152,1462,361.91,602.54,77.63,36.04,3
152,1452,944.55,516.92,203.33,99.94,3
152,1458,1125.83,946.95,157.00,98.93,3
152,1451,1242.20,953.39,156.96,87.70,5
153,1459,2281.96,1150.03,214.72,100.48,3
153,1462,361.75,602.55,78.10,36.28,3
153,1452,928.69,517.05,210.91,103.69,3
153,1458,1031.43,944.06,168.51,106.33,3
153,1451,1278.10,962.49,160.79,89.35,5
154,1459,2336.60,1160.93,219.72,102.56,3
154,1462,361.45,602.62,77.92,36.26,3
154,1452,917.32,518.47,212.78,104.48,3
154,1458,1010.41,944.94,177.35,112.72,3
154,1451,1308.40,969.56,164.43,91.60,5
155,1459,2387.26,1172.09,230.51,107.93,3
155,1462,361.11,602.73,78.32,36.57,3
155,1452,906.91,522.03,210.12,102.94,3
155,1458,1021.70,950.28,180.15,114.69,3
155,1451,1336.56,976.13,168.08,93.47,5
156,1459,2448.28,1184.41,232.40,107.91,3
156,1462,361.05,603.25,78.58,36.86,3
156,1452,897.83,523.66,209.75,102.65,3
156,1458,1042.82,954.54,186.16,118.90,3
156,1451,1366.38,983.61,171.44,95.47,5
157,1459,2492.62,1195.80,239.38,112.70,3
157,1462,361.16,603.41,78.23,36.82,3
157,1452,886.77,526.28,209.38,102.05,3
157,1458,1072.20,959.14,189.60,121.72,3
157,1451,1396.49,990.41,173.00,96.16,5
157,1464,2267.89,962.25,166.23,62.23,3
158,1459,2515.57,1209.31,268.11,132.64,3
158,1462,360.28,603.28,80.56,37.98,3
158,1452,873.30,527.33,211.96,103.00,3
158,1458,1105.25,965.61,193.15,124.67,3
158,1451,1426.04,996.96,178.97,99.73,5
158,1464,922.33,570.66,130.26,48.75,3
159,1459,2346.08,1055.97,184.17,88.42,3
159,1462,362.02,604.00,78.94,37.21,3
159,1452,862.42,528.00,214.61,104.03,3
159,1458,1138.62,971.88,196.68,127.73,3
159,1451,1462.90,1004.99,176.98,98.36,5
159,1464,492.72,447.68,120.00,44.88,3
160,1459,2225.02,974.43,143.30,67.56,3
160,1462,363.72,604.60,78.85,37.26,3
160,1452,848.96,529.22,218.01,105.50,3
160,1458,1175.51,979.07,196.99,128.55,3
160,1451,1494.74,1013.70,180.11,99.73,5
160,1464,410.56,426.84,119.51,44.56,3
161,1459,2162.16,947.13,137.24,64.01,3
161,1462,364.84,605.09,79.11,37.44,3
161,1452,835.19,531.61,221.80,107.17,3
161,1458,1211.31,986.14,199.34,130.85,3
161,1451,1529.45,1020.76,183.13,101.29,5
161,1464,397.45,424.97,123.33,45.80,3
162,1462,365.79,605.21,78.27,37.09,3
162,1452,826.03,535.08,220.27,106.21,3
162,1458,1248.85,994.24,201.61,133.15,3
162,1451,1562.57,1027.65,189.20,104.75,5
162,1464,139.57,351.67,118.07,43.84,3
163,1452,809.19,534.84,226.03,108.49,3
163,1458,1285.67,1002.71,204.92,135.78,3
163,1451,1600.90,1036.73,188.28,104.09,5
163,1464,-118.32,278.37,112.81,41.89,3
163,1459,2085.70,929.64,132.63,59.88,3
164,1458,1325.66,1011.71,204.28,135.89,3
164,1451,1638.19,1045.39,192.53,106.80,5
164,1464,-376.21,205.07,107.55,39.94,3
164,1459,2050.69,924.67,136.49,61.10,3
164,1462,366.12,605.79,78.07,36.83,3
165,1451,1678.30,1054.43,194.62,107.99,5
165,1464,-634.09,131.76,102.30,37.98,3
165,1459,2017.80,920.07,137.58,61.03,3
165,1462,366.65,606.70,76.50,35.79,3
165,1452,784.96,538.29,229.48,109.27,3
166,1464,-891.98,58.46,97.04,36.03,3
166,1459,1985.91,915.97,136.41,60.13,3
166,1462,367.10,607.20,76.20,35.46,3
166,1452,769.39,540.83,230.53,109.39,3
166,1458,1403.52,1028.35,211.21,140.88,3
167,1459,1954.67,911.15,134.63,58.99,3
167,1462,367.55,607.30,75.86,34.99,3
167,1452,757.29,542.38,231.91,109.93,3
167,1458,1445.59,1037.02,213.25,142.49,3
167,1451,1757.69,1073.27,199.83,111.08,5
168,1459,1923.89,907.87,131.00,56.76,3
168,1462,366.52,607.47,76.70,35.21,3
168,1452,743.76,543.14,235.95,111.79,3
168,1458,1488.17,1045.87,215.49,143.83,3
168,1451,1798.28,1082.15,203.45,113.21,5
168,1464,427.04,454.07,122.45,45.16,3
169,1462,365.87,607.64,76.78,35.13,3
169,1452,728.40,544.12,241.69,114.84,3
169,1458,1530.47,1055.62,220.44,147.57,3
169,1451,1841.53,1090.27,208.76,116.02,5
169,1464,368.71,439.55,125.76,46.38,3
170,1452,714.76,546.69,241.73,115.05,3
170,1458,1573.14,1064.22,224.15,150.25,3
170,1451,1885.19,1100.63,208.56,115.57,5
170,1464,310.39,425.04,129.06,47.60,3
170,1459,1863.32,897.47,132.69,56.36,3
171,1452,699.72,549.50,242.91,115.58,3
171,1458,1618.14,1073.91,228.55,153.61,3
171,1451,1929.81,1109.79,206.89,114.41,5
171,1464,405.95,454.53,124.71,45.59,3
171,1459,1831.98,892.63,130.40,54.96,3
171,1462,363.32,608.06,74.25,33.70,3
172,1452,683.54,551.93,243.41,115.73,3
172,1458,1667.45,1084.31,226.02,151.60,3
172,1451,1975.07,1118.33,211.56,116.82,5
172,1464,407.39,456.98,130.70,48.11,3
172,1459,1801.78,889.49,123.82,51.50,3
172,1462,360.97,609.04,75.84,34.44,3
173,1458,1714.29,1092.51,229.56,154.10,3
173,1451,2019.97,1125.45,218.79,121.04,5
173,1464,368.04,447.88,133.63,49.19,3
173,1459,1771.42,884.74,122.94,50.57,3
173,1462,359.11,609.50,78.24,35.57,3
174,1458,1760.30,1101.07,239.20,161.21,3
174,1451,2070.79,1134.48,219.61,121.45,5
174,1464,400.78,459.11,125.83,45.30,3
174,1459,1745.61,880.98,121.06,49.32,3
174,1462,360.49,610.64,76.01,34.45,3
174,1452,652.21,557.10,247.51,117.34,3
175,1458,1810.54,1110.52,242.84,163.94,3
175,1451,2121.47,1144.38,218.58,120.32,5
175,1464,398.61,459.75,128.57,45.84,3
175,1459,1719.14,876.09,120.46,48.59,3
175,1462,360.60,610.58,76.55,34.60,3
175,1452,636.05,558.48,250.44,118.33,3
176,1458,1861.73,1118.89,246.93,167.19,3
176,1451,2171.34,1154.28,225.84,123.92,5
176,1464,392.70,460.27,131.71,46.05,3
176,1459,1690.38,870.89,120.45,48.34,3
176,1462,361.89,610.36,75.25,33.79,3
176,1452,618.95,559.88,255.70,120.38,3
177,1451,2219.96,1162.23,235.52,129.25,5
177,1464,366.25,454.69,133.30,46.60,3
177,1459,1658.79,863.62,125.57,50.31,3
177,1462,363.07,609.66,73.53,32.85,3
177,1452,601.10,560.55,259.56,122.16,3
178,1464,339.80,449.10,134.89,47.16,3
178,1459,1631.81,860.04,122.10,48.39,3
178,1462,362.49,609.60,77.00,34.49,3
178,1452,583.92,561.66,265.31,124.77,3
178,1458,1963.77,1136.32,254.30,172.83,3
179,1459,1604.01,854.93,120.71,47.72,3
179,1462,362.71,608.64,76.93,34.42,3
179,1452,563.92,562.44,267.25,125.60,3
179,1458,2014.64,1146.72,259.81,176.96,3
179,1451,2323.62,1182.48,243.86,133.90,5
180,1459,1578.26,848.60,115.95,45.64,3
180,1462,361.42,605.46,77.38,34.58,3
180,1452,545.99,560.62,272.30,127.74,3
180,1458,2066.76,1155.32,261.73,178.44,3
180,1451,2376.48,1189.00,251.62,137.90,5
181,1459,1552.76,836.99,112.95,44.21,3
181,1462,360.40,597.79,78.48,35.00,3
181,1452,529.79,555.64,274.64,129.24,3
181,1458,2118.20,1156.74,268.98,184.01,3
181,1451,2432.24,1193.51,251.91,137.72,5
181,1464,2296.67,865.44,328.71,128.24,3
182,1459,1527.58,822.99,111.13,43.32,3
182,1462,361.34,588.98,75.80,33.82,3
182,1452,510.45,548.06,275.90,129.32,3
182,1458,2172.96,1159.42,271.13,185.60,3
182,1451,2477.85,1196.98,252.44,139.24,5
182,1464,2495.74,906.16,293.46,123.62,3
183,1462,358.67,578.24,80.44,35.82,3
183,1452,493.30,542.50,276.27,129.29,3
183,1458,2229.84,1161.98,271.97,186.16,3
183,1451,2505.66,1198.23,265.45,151.90,5
183,1464,2568.49,916.68,283.06,127.07,3
184,1462,359.15,567.75,79.16,35.51,3
184,1452,467.68,531.66,287.42,134.24,3
184,1458,2286.16,1163.83,275.63,188.58,3
184,1451,2535.88,1201.17,267.87,162.53,5
184,1464,2582.18,911.36,284.56,134.13,3
185,1452,450.37,525.72,287.49,133.99,3
185,1458,2343.03,1167.59,282.95,193.53,3
185,1451,2533.26,999.38,238.14,145.29,5
185,1464,2730.33,942.47,298.90,140.89,3
186,1458,2403.18,1175.25,285.15,193.49,3
186,1451,2516.08,906.99,231.34,140.58,5
186,1464,2878.48,973.58,313.24,147.65,3
187,1451,2496.94,875.48,223.57,133.05,5
187,1464,3026.63,1004.68,327.57,154.41,3
187,1452,411.18,521.72,293.31,136.71,3
188,1464,3174.78,1035.79,341.91,161.17,3
188,1452,385.73,523.58,298.62,139.26,3
188,1458,2491.41,1200.51,278.87,197.01,3
189,1458,2539.87,1209.48,279.36,197.36,3
189,1451,2434.21,856.37,226.51,131.20,5
190,1451,2404.14,852.18,224.35,128.26,5
190,1452,340.46,530.02,302.48,140.68,3
191,1452,316.15,533.88,304.69,140.70,3
191,1458,2409.33,915.94,204.08,139.05,3
192,1458,2437.22,895.92,196.03,133.57,3
192,1451,2339.34,843.93,223.96,126.79,5
193,1451,2305.93,842.67,221.90,124.82,5
193,1452,260.26,536.24,322.78,148.10,3
194,1451,2274.15,840.11,222.03,124.39,5
194,1452,231.55,540.01,327.92,149.88,3
195,1452,204.67,543.01,334.61,151.97,3
195,1458,2269.96,840.65,189.43,124.48,3
196,1458,2265.17,819.11,188.78,124.05,3
196,1451,2220.84,832.79,218.15,120.98,5
197,1451,2191.84,830.97,215.10,118.35,5
197,1452,148.10,549.67,344.00,154.09,3
198,1452,117.61,551.52,354.04,157.91,3
198,1458,2181.14,824.23,186.97,119.12,3
199,1458,2167.22,808.46,186.10,118.57,3
199,1451,2134.99,825.60,214.45,117.69,5
200,1451,2103.96,822.10,217.79,119.60,5
200,1452,58.50,561.21,364.00,159.94,3
201,1451,2071.67,819.03,224.49,123.83,5
201,1452,31.49,565.59,369.37,161.63,3
202,1451,2046.04,813.61,223.19,123.40,5
202,1452,4.64,568.60,373.90,163.49,3
203,1451,2021.03,810.77,219.05,121.46,5
203,1452,-15.74,572.10,381.66,168.22,3
203,1459,1095.73,884.96,177.92,71.99,3
203,1462,356.99,549.68,76.01,34.04,3
204,1451,1996.51,808.74,213.90,118.68,5
204,1452,-38.04,575.17,395.74,177.98,3
204,1459,1107.15,890.00,180.25,75.41,3
204,1462,357.11,549.92,76.68,34.27,3
204,1464,571.54,444.00,54.04,23.26,3
205,1451,1970.82,805.51,213.46,118.27,5
205,1452,-49.95,577.99,390.74,180.32,3
205,1459,1134.42,897.02,181.24,77.58,3
205,1462,356.73,550.27,76.81,34.33,3
205,1464,490.05,421.71,60.06,25.03,3
206,1451,1943.10,801.00,215.02,119.60,5
206,1452,-57.20,581.80,379.20,180.35,3
206,1459,1168.89,904.91,179.13,77.85,3
206,1462,355.80,549.98,77.40,34.48,3
206,1464,479.57,418.24,63.82,26.05,3
206,1458,1001.87,885.53,120.94,73.44,3
207,1451,1918.97,796.91,212.69,118.59,5
207,1452,-75.67,582.82,388.40,192.55,3
207,1459,1205.55,912.36,179.76,78.77,3
207,1462,354.85,549.73,77.70,34.47,3
207,1464,478.53,417.81,66.21,26.71,3
207,1458,972.89,896.15,122.99,72.15,3
208,1451,1894.73,794.31,208.12,116.02,5
208,1452,-81.80,587.31,371.65,192.85,3
208,1459,1240.69,919.47,182.47,80.84,3
208,1462,351.85,549.93,79.72,35.34,3
208,1464,479.60,418.06,65.46,26.26,3
208,1458,977.95,902.82,126.84,72.30,3
209,1451,1868.74,791.56,209.33,116.95,5
209,1452,-83.05,591.51,343.49,186.86,3
209,1459,1277.16,926.45,186.47,83.34,3
209,1462,352.70,549.78,79.83,35.40,3
209,1464,478.27,420.92,64.27,25.75,3
209,1458,1001.82,908.70,132.51,74.02,3
210,1451,1848.11,788.19,202.55,112.78,5
210,1452,-88.85,593.11,325.78,187.47,3
210,1459,1315.94,934.89,186.75,83.89,3
210,1462,353.88,549.39,78.95,34.93,3
210,1464,473.37,421.09,64.07,25.99,3
210,1458,1032.41,915.27,137.57,75.87,3
211,1451,1824.43,785.43,198.74,110.39,5
211,1452,-96.04,592.92,304.95,187.22,3
211,1459,1354.08,942.92,188.58,84.92,3
211,1462,351.54,549.43,80.32,35.52,3
211,1464,469.47,421.20,63.81,25.97,3
211,1458,1066.64,922.06,141.04,77.09,3
212,1451,1800.47,783.04,195.72,108.43,5
212,1452,-110.80,593.68,303.35,200.68,3
212,1459,1392.72,951.37,190.78,86.27,3
212,1462,350.25,549.40,81.01,35.81,3
212,1464,460.85,421.62,64.12,25.65,3
212,1458,1100.73,928.96,147.20,80.06,3
213,1451,1775.86,779.36,195.45,107.84,5
213,1459,1432.28,960.20,194.36,88.13,3
213,1462,349.93,549.10,81.55,36.09,3
213,1464,454.73,422.12,65.14,25.66,3
213,1458,1136.59,936.38,149.49,80.94,3
214,1451,1750.73,775.16,198.14,109.42,5
214,1459,1472.10,969.22,196.20,89.15,3
214,1462,349.58,548.91,81.62,36.12,3
214,1464,449.68,421.54,66.37,25.98,3
214,1458,1172.46,943.28,152.26,82.17,3
214,1452,1984.48,828.76,145.89,100.71,3
215,1459,1513.22,978.68,199.96,91.05,3
215,1462,349.68,549.41,80.85,35.76,3
215,1464,442.43,422.02,65.75,25.48,3
215,1458,1208.31,951.21,154.76,83.18,3
215,1452,2164.78,853.85,132.01,91.14,3
216,1459,1557.43,988.70,200.30,91.24,3
216,1462,350.13,549.48,79.87,35.18,3
216,1464,436.28,422.21,62.80,24.36,3
216,1458,1244.46,959.67,156.68,83.75,3
216,1452,2592.08,894.58,94.41,62.54,3
216,1451,1877.04,792.78,173.02,96.44,5
217,1459,1602.53,998.47,202.00,92.21,3
217,1462,348.83,549.54,80.26,35.26,3
217,1464,432.49,422.39,59.72,23.16,3
217,1458,1279.32,967.35,161.95,86.40,3
217,1452,2623.22,894.67,100.96,63.15,3
217,1451,1741.33,771.97,188.60,104.86,5
218,1459,1645.26,1008.29,206.24,94.32,3
218,1462,348.55,549.64,80.23,35.21,3
218,1464,427.81,423.17,61.21,23.59,3
218,1458,1315.43,974.57,164.97,87.75,3
218,1452,2622.99,894.39,106.65,61.40,3
218,1451,1673.05,763.50,190.18,105.16,5
219,1459,1691.31,1019.08,208.07,95.13,3
219,1462,348.47,549.70,79.94,35.02,3
219,1464,422.73,423.54,60.40,22.95,3
219,1458,1352.23,983.83,168.18,89.37,3
219,1452,2590.20,890.30,113.99,61.19,3
219,1451,1631.69,757.70,193.13,106.77,5
220,1459,1734.63,1027.95,217.77,99.96,3
220,1462,347.76,549.68,79.25,34.64,3
220,1464,416.69,423.86,61.34,23.01,3
220,1458,1389.80,991.96,172.29,91.49,3
220,1452,2553.16,885.17,117.94,59.56,3
220,1451,1603.87,753.95,190.93,105.11,5
221,1459,1781.53,1038.65,219.47,100.96,3
221,1462,347.92,550.15,78.63,34.19,3
221,1464,412.28,424.09,61.62,22.75,3
221,1458,1428.77,1001.05,175.51,93.03,3
221,1452,2512.61,880.38,124.81,60.02,3
221,1451,1581.08,751.23,188.99,103.39,5
222,1459,1831.20,1050.00,219.84,101.07,3
222,1462,347.93,550.30,77.96,33.71,3
222,1464,410.90,425.21,59.82,21.80,3
222,1458,1469.43,1010.39,178.43,94.31,3
222,1452,2476.18,876.00,128.23,58.73,3
222,1451,1560.09,748.12,188.44,102.89,5
223,1459,1879.94,1060.94,225.55,103.78,3
223,1462,347.97,550.60,78.02,33.68,3
223,1464,406.00,425.34,57.48,20.61,3
223,1458,1511.41,1020.96,180.89,95.28,3
223,1452,2439.00,871.54,131.82,58.09,3
223,1451,1536.73,744.84,189.78,103.79,5
224,1459,1933.12,1073.43,225.30,103.53,3
224,1462,347.54,550.77,78.21,33.60,3
224,1464,396.93,425.66,59.68,21.11,3
224,1458,1553.50,1030.55,185.07,97.43,3
224,1452,2405.34,866.62,138.93,59.51,3
224,1451,1517.16,741.66,186.32,101.74,5
225,1459,1984.13,1084.07,230.00,105.79,3
225,1462,347.03,551.50,78.32,33.65,3
225,1464,387.50,425.57,61.71,21.43,3
225,1458,1593.69,1039.20,193.61,102.22,3
225,1452,2370.39,862.42,144.41,60.29,3
225,1451,1498.67,738.84,181.88,98.96,5
225,1465,2619.41,1025.29,86.51,103.63,3
226,1459,2035.23,1095.72,234.82,107.94,3
226,1462,346.92,551.49,77.93,33.38,3
226,1464,375.79,425.04,66.48,22.61,3
226,1458,1640.02,1051.05,194.57,102.54,3
226,1452,2337.25,858.56,147.85,60.45,3
226,1451,1481.49,738.49,175.48,94.61,5
226,1465,2598.87,1018.20,84.36,98.87,3
227,1459,2090.55,1107.74,240.12,110.26,3
227,1462,346.80,551.58,78.24,33.40,3
227,1464,356.48,424.14,79.41,26.24,3
227,1458,1685.59,1061.93,195.83,103.13,3
227,1452,2304.98,854.69,149.70,60.29,3
227,1451,1461.60,736.53,172.85,92.89,5
227,1465,2571.71,1008.84,83.54,93.22,3
228,1459,2146.76,1120.77,243.84,111.85,3
228,1462,346.96,551.65,78.12,33.27,3
228,1464,342.14,423.33,89.21,28.81,3
228,1458,1730.90,1072.10,200.73,105.83,3
228,1452,2275.06,851.51,149.58,59.20,3
228,1451,1444.21,734.37,172.47,92.76,5
228,1465,2527.30,1000.92,86.82,91.49,3
229,1459,2202.52,1132.91,249.58,114.35,3
229,1464,333.88,423.23,90.92,29.36,3
229,1458,1780.63,1083.18,202.34,106.59,3
229,1452,2246.16,847.41,153.39,59.77,3
229,1451,1423.28,731.42,172.87,92.96,5
229,1465,2476.93,993.60,89.03,87.93,3
230,1464,325.62,423.14,92.63,29.92,3
230,1458,1830.84,1095.49,203.80,106.77,3
230,1452,2215.78,843.31,153.73,59.03,3
230,1451,1402.99,728.71,170.38,91.45,5
230,1465,2428.49,984.36,93.31,86.02,3
231,1458,1881.47,1106.93,208.48,109.22,3
231,1452,2185.04,839.60,154.05,58.59,3
231,1451,1381.99,725.52,172.41,92.53,5
231,1465,2379.43,976.16,98.39,84.86,3
231,1459,2322.68,1158.95,261.13,119.25,3
232,1452,2157.87,835.04,154.34,58.08,3
232,1451,1355.48,721.65,172.34,92.50,5
232,1465,2328.53,967.43,102.95,83.18,3
232,1459,2385.02,1172.87,264.15,120.24,3
232,1462,345.51,550.88,79.91,34.00,3
233,1452,2128.71,831.95,154.42,57.69,3
233,1451,2329.09,873.29,129.07,69.78,5
233,1465,2282.77,959.43,108.31,82.40,3
233,1459,2446.53,1187.44,266.56,121.25,3
233,1462,345.09,550.96,79.67,33.70,3
233,1458,1985.49,1130.33,214.34,112.04,3
234,1452,2101.36,828.40,154.00,57.29,3
234,1451,2549.45,907.86,122.80,65.61,5
234,1465,2235.51,952.10,113.19,81.23,3
234,1459,2483.31,1200.87,276.90,129.61,3
234,1462,344.70,550.78,80.22,33.77,3
234,1458,2039.83,1142.15,219.16,114.26,3
235,1452,2074.05,824.05,153.52,56.74,3
235,1451,2595.96,914.27,125.95,64.97,5
235,1465,2188.51,944.13,117.45,80.02,3
235,1459,2511.25,1214.25,295.36,146.52,3
235,1462,344.84,550.61,79.68,33.31,3
235,1458,2094.45,1154.91,222.73,115.85,3
236,1451,2596.72,914.84,126.84,61.73,5
236,1465,2143.86,936.73,122.33,79.50,3
236,1459,2557.06,1226.49,300.62,149.14,3
236,1462,344.49,550.89,79.93,33.27,3
236,1458,2151.27,1167.82,229.68,119.24,3
237,1465,2101.43,929.46,128.80,80.56,3
237,1459,2602.88,1238.74,305.89,151.75,3
237,1462,344.58,550.60,80.00,33.23,3
237,1458,2211.58,1180.91,234.71,121.30,3
237,1452,2021.12,816.29,154.18,56.46,3
238,1459,2648.69,1250.98,311.15,154.37,3
238,1462,344.10,550.53,80.25,33.22,3
238,1458,2271.89,1195.03,238.98,123.10,3
238,1452,1995.06,813.22,153.18,55.95,3
238,1464,-28.42,592.80,107.26,39.80,3
238,1451,2532.33,906.66,145.29,65.28,5
239,1462,344.16,550.59,80.23,33.11,3
239,1458,2334.72,1209.58,243.47,124.93,3
239,1452,1968.73,809.14,154.35,56.16,3
239,1464,-44.61,597.51,111.82,46.57,3
239,1451,2502.23,903.29,139.76,59.90,5
239,1465,2017.50,914.40,137.43,80.28,3
240,1462,343.84,550.42,80.25,33.02,3
240,1458,2399.65,1225.14,246.20,125.72,3
240,1452,1944.84,805.18,152.79,55.51,3
240,1464,-40.41,605.24,98.48,44.34,3
240,1451,2461.41,898.04,146.24,60.99,5
240,1465,1977.30,907.52,139.77,79.42,3
241,1462,343.10,550.59,81.34,33.33,3
241,1458,2462.48,1239.98,247.05,125.77,3
241,1452,1920.89,801.76,153.73,55.78,3
241,1464,-32.18,610.79,90.21,42.74,3
241,1451,2427.92,894.14,147.02,59.44,5
241,1465,1938.00,901.25,141.75,78.42,3
242,1458,2502.73,1255.08,255.98,134.41,3
242,1452,1898.51,798.36,149.91,54.19,3
242,1464,-24.24,614.00,84.15,41.16,3
242,1451,2445.95,896.90,146.52,59.23,5
242,1465,1900.33,894.40,143.21,77.53,3
243,1464,-16.93,615.86,82.39,40.86,3
243,1451,2463.97,899.67,146.01,59.02,5
243,1465,1861.72,887.89,144.42,76.75,3
243,1459,2532.07,1271.05,305.95,168.52,3
243,1462,343.08,550.41,82.81,33.86,3
244,1451,2336.13,881.09,153.09,60.43,5
244,1465,1826.93,881.37,143.21,74.82,3
244,1459,2555.11,1281.43,307.37,169.31,3
244,1462,343.05,549.48,81.95,33.49,3
244,1452,1852.92,791.63,145.89,52.39,3
245,1465,1792.24,874.38,142.85,73.31,3
245,1459,2578.15,1291.81,308.78,170.10,3
245,1462,342.31,548.39,82.46,33.76,3
245,1452,1829.77,786.74,145.80,52.36,3
245,1464,6.00,618.17,70.07,33.25,3
246,1459,2601.19,1302.19,310.20,170.89,3
246,1462,341.82,547.31,83.33,34.31,3
246,1452,1807.98,783.17,144.13,51.59,3
246,1464,18.12,619.12,66.97,31.12,3
246,1451,2269.89,872.20,152.60,57.46,5
247,1452,1785.07,779.15,142.99,51.06,3
247,1464,9.55,625.63,65.64,30.50,3
247,1451,2237.81,868.37,158.08,58.82,5
247,1465,1719.95,861.79,144.14,71.53,3
248,1464,0.98,632.13,64.31,29.88,3
248,1451,2208.13,864.91,159.81,58.78,5
248,1465,1686.33,855.34,146.00,71.64,3
248,1462,341.21,546.62,83.33,34.75,3
249,1451,2178.80,860.77,165.17,60.35,5
249,1465,1653.41,850.40,143.98,69.66,3
249,1462,340.48,546.35,83.36,34.99,3
249,1452,1741.81,772.53,137.43,49.08,3
250,1451,2148.86,856.78,169.94,61.94,5
250,1465,1619.15,844.86,144.06,68.98,3
250,1462,340.80,546.12,82.79,34.98,3
250,1452,1719.79,769.48,137.97,49.25,3
251,1451,2123.94,854.02,164.69,59.57,5
251,1465,1584.89,839.10,145.57,68.99,3
251,1462,339.95,545.89,84.20,35.88,3
251,1452,1697.50,766.21,137.84,49.25,3
252,1451,2096.30,852.28,161.95,58.38,5
252,1465,1553.02,833.75,146.94,69.32,3
252,1462,340.60,546.23,80.88,34.47,3
252,1452,1677.89,763.03,134.63,48.01,3
253,1451,2068.37,849.72,160.52,57.66,5
253,1465,1519.83,828.72,147.10,69.10,3
253,1462,340.75,546.29,80.85,34.60,3
253,1452,1656.85,760.08,132.99,47.32,3
254,1451,2045.86,847.61,159.78,57.14,5
254,1465,1490.86,824.15,144.53,67.48,3
254,1462,339.96,545.78,82.38,35.62,3
254,1452,1636.34,757.03,130.33,46.40,3
255,1451,2020.83,844.83,158.88,56.47,5
255,1465,1461.74,821.31,141.48,65.54,3
255,1462,339.02,546.18,81.02,35.28,3
255,1452,1618.15,755.69,128.23,45.57,3
256,1451,1992.58,842.76,161.33,57.52,5
256,1465,1432.17,817.23,142.40,65.79,3
256,1462,335.13,548.22,78.87,34.30,3
256,1452,1599.07,754.89,128.04,45.45,3
257,1451,1970.01,841.39,160.40,57.15,5
257,1465,1405.15,814.56,141.08,64.93,3
257,1462,335.83,550.47,75.02,32.59,3
257,1452,1578.26,754.44,128.43,45.67,3
257,1464,192.17,577.14,72.00,33.18,3
258,1451,1946.57,841.72,158.11,56.07,5
258,1465,1377.11,813.39,137.13,62.59,3
258,1462,336.49,551.39,74.91,32.56,3
258,1452,1559.81,753.66,126.83,45.00,3
258,1464,190.51,574.50,73.91,33.94,3
259,1451,1920.61,840.26,160.27,56.90,5
259,1465,1351.04,812.64,133.20,60.09,3
259,1462,336.23,553.63,75.86,33.33,3
259,1452,1540.55,752.61,125.21,44.36,3
259,1464,180.10,573.32,75.46,34.74,3
260,1465,1321.81,807.96,133.12,59.81,3
260,1462,333.33,554.96,78.69,34.89,3
260,1452,1519.88,750.37,124.14,43.98,3
260,1464,170.04,572.21,76.14,34.93,3
261,1462,333.20,555.02,77.92,34.73,3
261,1452,1499.21,748.14,123.07,43.60,3
261,1464,156.54,571.67,74.47,33.82,3
261,1451,1872.53,835.47,157.30,55.55,5
262,1452,1478.55,745.90,122.00,43.22,3
262,1464,142.34,569.85,73.43,33.04,3
262,1451,1846.27,831.60,159.15,56.22,5
262,1465,1272.96,803.82,121.75,53.46,3
263,1451,1822.03,827.97,156.86,55.43,5
263,1465,1242.91,799.58,120.63,52.96,3
263,1462,334.31,554.57,74.33,32.96,3
264,1465,1212.86,795.34,119.51,52.47,3
264,1462,333.91,553.76,75.64,33.51,3
264,1464,114.37,564.27,73.26,32.54,3
265,1462,333.34,552.72,76.47,33.91,3
265,1464,101.05,562.33,75.42,33.37,3
265,1451,1776.48,822.05,149.55,52.63,5
