1,3903,147.71,690.49,285.22,116.34,6
1,3904,430.00,575.88,68.34,27.17,3
1,3905,-0.95,453.91,76.50,68.84,5
2,3903,183.04,681.26,287.08,117.01,6
2,3904,429.98,576.25,68.93,27.42,3
2,3905,-1.60,453.05,78.61,70.78,5
3,3903,219.98,676.01,278.12,113.41,6
3,3904,429.60,575.50,70.46,28.03,3
3,3905,-0.88,453.98,76.98,69.32,5
4,3903,269.11,668.77,278.17,114.10,6
4,3904,428.35,575.63,69.37,27.58,3
4,3905,-1.58,453.72,76.93,69.35,5
5,3903,304.34,662.84,273.71,112.64,6
5,3904,426.80,575.20,71.70,28.58,3
5,3905,-2.48,454.84,75.52,68.21,5
6,3903,336.42,658.26,267.43,110.47,6
6,3904,428.03,575.27,68.99,27.51,3
6,3905,-2.49,455.28,74.64,67.53,5
6,3906,2395.16,504.93,81.23,28.15,3
7,3903,372.17,653.16,261.01,108.27,6
7,3904,427.47,574.52,70.46,28.17,3
7,3905,-3.09,454.85,74.97,68.09,5
7,3906,2404.37,505.20,83.04,28.75,3
8,3903,409.98,648.82,250.58,104.29,6
8,3904,425.98,574.13,70.95,28.39,3
8,3905,-2.96,454.36,75.57,68.93,5
8,3906,2414.67,504.05,80.21,27.76,3
9,3903,442.88,644.29,246.73,103.14,6
9,3904,424.58,574.45,72.63,29.21,3
9,3905,-2.75,454.51,74.89,68.55,5
9,3906,2427.41,505.45,79.53,27.45,3
10,3903,472.55,638.55,246.07,103.50,6
10,3904,424.94,574.49,72.19,29.14,3
10,3905,-2.57,454.30,74.60,68.54,5
10,3906,2436.24,506.87,79.56,27.32,3
11,3903,508.61,634.14,237.10,100.41,6
11,3904,425.01,574.04,71.48,28.98,3
11,3905,-3.56,454.02,75.11,69.44,5
11,3906,2448.11,507.73,76.55,26.08,3
12,3903,542.80,630.15,229.60,97.55,6
12,3904,424.03,574.01,70.97,28.84,3
12,3905,-3.69,454.03,74.93,69.76,5
12,3906,2458.37,508.63,78.86,26.54,3
13,3903,571.79,623.81,229.23,97.83,6
13,3904,424.30,574.52,69.31,28.23,3
13,3905,-3.54,454.17,74.10,69.55,5
13,3906,2468.01,508.93,79.81,26.61,3
14,3903,599.41,619.59,222.47,95.22,6
14,3904,424.65,574.38,67.07,27.30,3
14,3905,-3.46,454.33,73.06,69.09,5
14,3906,2476.88,507.91,85.07,28.36,3
15,3903,630.50,618.02,211.28,90.44,6
15,3904,424.08,574.18,66.70,27.07,3
15,3905,-3.56,454.36,72.10,68.70,5
15,3906,2490.61,507.69,82.13,27.34,3
15,3907,2466.69,985.55,60.96,76.31,0
16,3903,664.67,618.32,198.20,84.46,6
16,3904,423.91,574.15,67.17,27.24,3
16,3905,-3.01,454.63,71.14,68.29,5
16,3906,2500.16,506.99,83.98,28.07,3
16,3907,2465.87,985.54,61.03,76.36,0
17,3904,423.40,574.14,66.96,27.09,3
17,3905,-2.77,454.53,70.45,68.13,5
17,3906,2510.25,507.12,84.12,28.12,3
17,3907,2465.70,986.17,60.34,75.45,0
18,3904,422.47,573.85,66.86,26.97,3
18,3905,-3.13,454.49,69.95,68.20,5
18,3906,2525.40,507.69,78.09,25.96,3
18,3907,2465.93,985.87,60.52,75.61,0
19,3906,2536.10,507.87,77.47,25.76,3
19,3907,2465.80,985.95,60.37,75.43,0
19,3903,743.41,601.50,198.04,84.61,6
20,3903,779.54,599.71,193.00,82.61,6
20,3904,435.25,573.09,66.35,26.63,3
20,3905,4.47,452.57,71.43,68.00,5
21,3903,816.75,594.87,192.58,82.83,6
21,3904,451.20,572.56,67.31,27.03,3
21,3905,12.53,452.83,73.29,66.50,5
22,3904,471.97,572.30,65.37,26.17,3
22,3905,14.27,452.68,73.04,66.27,5
23,3905,16.01,452.54,72.78,66.03,5
23,3903,911.00,594.34,175.34,74.95,6
24,3903,954.16,589.38,174.68,74.79,6
24,3904,519.70,570.74,63.08,24.92,3
25,3903,996.54,585.40,173.02,74.28,6
25,3908,1643.88,475.22,204.99,78.16,5
25,3904,543.85,569.86,63.18,24.89,3
26,3903,1040.39,583.57,168.63,72.49,6
26,3908,1666.72,473.70,211.67,80.78,5
26,3904,567.27,569.38,64.06,25.28,3
26,3909,1327.76,900.86,155.25,72.65,3
27,3903,1081.28,578.10,171.65,74.25,6
27,3908,1701.55,474.79,209.28,79.81,5
27,3904,588.54,567.99,66.96,26.43,3
27,3909,1365.64,906.67,158.61,74.29,3
28,3903,1122.10,574.13,170.79,74.18,6
28,3908,1736.29,474.77,206.20,78.64,5
28,3904,611.13,566.43,67.01,26.53,3
28,3909,1417.71,914.54,158.59,74.31,3
29,3903,1161.40,569.13,172.23,75.35,6
29,3908,1770.24,476.24,203.85,77.56,5
29,3904,634.10,566.17,65.55,25.95,3
29,3909,1465.88,922.66,160.39,75.19,3
30,3903,1202.45,567.38,169.00,74.40,6
30,3908,1798.66,477.74,200.74,76.37,5
30,3904,657.12,566.47,64.65,25.74,3
30,3909,1510.17,929.80,167.04,78.43,3
31,3903,1246.32,569.35,157.49,69.21,6
31,3904,678.88,565.38,66.20,26.56,3
31,3909,1556.99,937.25,169.23,79.45,3
32,3903,1283.33,565.53,161.37,71.38,6
32,3904,700.72,564.70,65.98,26.52,3
32,3909,1605.19,946.23,170.98,80.31,3
32,3915,15.75,497.33,43.47,25.44,3
32,3919,25.98,415.60,89.42,43.67,5
33,3903,1324.15,563.71,159.88,71.21,6
33,3909,1656.67,956.18,168.74,79.11,3
33,3915,35.78,495.30,42.14,24.55,3
33,3919,25.98,415.60,89.42,43.67,5
34,3903,1362.01,562.90,154.59,69.08,6
34,3915,58.03,494.12,40.67,23.53,3
34,3919,25.98,415.60,89.42,43.67,5
34,3904,744.69,564.10,64.05,26.01,3
35,3903,1393.07,565.38,142.35,62.71,6
35,3919,25.98,415.60,89.42,43.67,5
35,3925,226.45,435.78,33.39,14.96,3
35,3926,106.07,534.93,59.56,33.93,3
35,3904,755.61,563.51,64.89,26.43,3
35,3909,1742.58,972.99,174.19,81.87,3
36,3903,1407.93,557.39,152.09,67.54,6
36,3925,227.74,435.71,33.06,14.80,3
36,3926,113.82,537.14,61.26,34.88,3
36,3904,760.05,563.81,64.04,26.09,3
36,3927,1370.64,808.58,122.56,54.91,3
36,3909,1775.21,979.33,179.49,84.71,3
36,3915,62.90,491.77,41.53,23.61,3
37,3903,1426.23,553.43,153.20,68.36,6
37,3926,123.24,538.97,61.51,35.03,3
37,3904,776.16,563.40,63.83,26.00,3
37,3927,1390.77,813.02,124.53,55.76,3
37,3909,1806.75,987.96,180.23,85.44,3
37,3928,209.91,542.81,59.35,30.54,3
37,3915,56.97,490.45,42.14,23.79,3
38,3903,1442.76,551.99,150.28,67.41,6
38,3904,792.27,562.99,63.62,25.92,3
38,3927,1417.24,819.03,129.08,57.73,3
38,3909,1834.52,994.17,187.45,89.37,3
38,3928,216.25,545.93,57.57,29.61,3
38,3915,49.49,489.23,42.31,23.64,3
39,3904,808.38,562.58,63.40,25.83,3
39,3927,1441.61,824.77,131.26,58.64,3
39,3909,1867.87,1003.75,185.34,88.50,3
39,3928,226.08,548.13,56.88,29.30,3
39,3915,42.50,488.02,41.65,22.98,3
39,3925,226.70,435.86,33.29,14.91,3
39,3926,138.23,543.54,60.47,34.43,3
40,3927,1468.18,831.27,133.57,59.59,3
40,3909,1899.81,1011.98,188.43,90.17,3
40,3928,233.94,551.08,56.28,28.98,3
40,3915,36.40,486.88,41.69,22.76,3
40,3925,226.11,435.76,33.25,14.89,3
40,3926,145.73,545.30,61.56,35.06,3
41,3927,1492.72,836.64,139.03,62.02,3
41,3909,1931.48,1020.03,191.86,92.21,3
41,3928,243.13,553.37,56.79,29.29,3
41,3915,28.77,485.65,42.40,22.88,3
41,3925,225.77,436.06,33.37,14.94,3
41,3926,153.56,547.66,62.34,35.38,3
41,3929,2.16,497.66,27.85,41.16,3
42,3927,1519.57,843.16,139.88,62.26,3
42,3909,1962.89,1027.33,197.33,95.40,3
42,3928,250.02,554.89,58.32,30.13,3
42,3915,22.82,484.71,43.30,23.12,3
42,3925,225.20,436.06,33.12,14.84,3
42,3926,160.88,549.70,61.92,35.13,3
42,3929,4.60,499.08,28.03,41.11,3
43,3927,1547.55,849.64,142.15,63.07,3
43,3909,1999.62,1037.93,195.89,94.69,3
43,3928,258.69,556.56,58.48,30.23,3
43,3915,15.92,483.17,45.09,23.92,3
43,3925,223.35,436.28,33.39,15.01,3
43,3926,168.30,551.72,61.88,35.08,3
43,3929,8.41,500.73,29.24,42.09,3
43,3919,87.43,415.27,89.31,43.56,5
44,3927,1574.91,855.55,144.73,64.14,3
44,3909,2034.85,1046.86,197.82,95.75,3
44,3928,265.86,558.45,61.13,31.63,3
44,3915,8.32,481.72,47.88,25.41,3
44,3925,222.80,436.63,33.51,15.08,3
44,3926,175.61,553.53,63.38,36.02,3
44,3929,11.12,502.64,30.60,42.81,3
44,3930,750.16,564.37,60.98,24.39,3
44,3919,105.74,418.77,81.25,41.26,5
45,3927,1601.07,862.05,148.93,66.02,3
45,3909,2070.41,1056.61,201.31,97.48,3
45,3928,272.05,560.76,63.36,32.85,3
45,3915,2.29,480.95,47.83,25.51,3
45,3925,222.00,437.01,33.99,15.35,3
45,3926,183.15,556.50,64.00,36.36,3
45,3929,14.46,504.73,31.93,42.71,3
45,3930,748.66,565.09,63.56,25.46,3
45,3919,105.95,419.55,81.13,42.13,5
46,3927,1629.29,869.05,151.65,67.11,3
46,3909,2105.03,1065.03,210.02,101.91,3
46,3928,280.66,565.21,60.29,31.11,3
46,3915,-1.29,480.21,46.44,25.08,3
46,3925,221.95,437.27,33.84,15.30,3
46,3926,189.98,558.81,65.15,37.05,3
46,3929,17.87,507.12,34.24,43.50,3
46,3930,748.21,565.16,63.31,25.40,3
46,3919,108.04,419.66,79.80,42.43,5
47,3927,1656.03,875.08,158.10,70.08,3
47,3909,2146.75,1075.60,206.62,100.07,3
47,3928,290.36,566.35,60.41,31.28,3
47,3915,-3.72,479.61,44.85,24.78,3
47,3925,221.36,437.59,34.09,15.39,3
47,3926,197.02,560.93,65.48,37.28,3
47,3929,21.78,509.29,36.21,43.74,3
47,3930,749.31,565.46,60.84,24.40,3
47,3919,98.12,417.95,81.55,43.05,5
48,3927,1685.22,882.71,158.96,70.39,3
48,3909,2185.56,1086.67,209.56,101.39,3
48,3928,298.21,568.83,60.46,31.31,3
48,3915,-7.96,478.78,43.77,25.14,3
48,3925,220.52,438.05,33.82,15.29,3
48,3926,203.68,562.78,66.46,37.97,3
48,3929,27.29,512.10,37.91,43.53,3
48,3930,747.32,565.44,62.97,25.30,3
48,3919,93.42,417.03,82.99,43.71,5
49,3927,1715.55,890.04,160.95,71.21,3
49,3909,2223.82,1096.46,215.80,104.31,3
49,3928,305.86,570.62,61.80,32.01,3
49,3915,-10.39,477.54,42.67,25.70,3
49,3925,219.48,438.27,34.18,15.54,3
49,3926,211.71,565.33,66.19,37.82,3
49,3929,32.81,514.58,39.57,43.49,3
49,3930,745.29,565.20,64.21,25.85,3
49,3919,91.86,417.41,82.12,43.10,5
50,3909,2265.94,1107.37,216.84,104.86,3
50,3928,314.93,574.06,61.08,31.67,3
50,3915,-13.87,476.44,43.00,25.90,3
50,3925,218.97,438.23,34.89,15.99,3
50,3926,220.59,568.06,65.84,37.48,3
50,3929,38.91,516.32,41.86,44.04,3
50,3930,744.99,566.06,63.77,25.72,3
50,3919,95.88,418.67,80.36,42.63,5
51,3928,324.07,576.73,61.05,31.74,3
51,3915,-17.34,475.35,43.32,26.09,3
51,3925,218.48,437.94,35.50,16.38,3
51,3926,228.53,570.27,65.40,37.25,3
51,3929,45.39,518.00,44.54,45.08,3
51,3930,744.53,566.06,63.43,25.64,3
51,3919,95.67,419.54,79.08,42.13,5
51,3927,1782.49,905.74,162.24,71.66,3
52,3915,-20.82,474.25,43.65,26.29,3
52,3925,217.35,437.89,35.43,16.35,3
52,3926,235.31,573.05,65.73,37.41,3
52,3929,50.55,519.23,47.23,46.01,3
52,3930,744.35,565.99,63.21,25.60,3
52,3919,93.67,419.39,79.18,42.04,5
52,3927,1816.29,912.86,163.21,71.95,3
52,3909,2350.31,1127.52,227.17,109.55,3
53,3925,218.00,438.69,34.27,15.80,3
53,3926,243.42,574.83,66.05,37.82,3
53,3929,57.20,521.47,48.02,45.00,3
53,3930,744.55,565.94,60.91,24.65,3
53,3919,87.29,418.70,81.22,42.77,5
53,3927,1850.20,920.97,166.00,73.04,3
53,3909,2394.35,1137.61,232.44,112.00,3
53,3928,343.65,581.89,56.71,29.09,3
54,3926,252.17,577.18,66.04,37.89,3
54,3929,63.33,523.73,50.31,45.59,3
54,3930,745.35,566.13,60.14,24.33,3
54,3919,85.36,418.45,82.50,43.20,5
54,3927,1884.53,928.52,168.96,74.31,3
54,3909,2440.91,1149.41,235.12,113.01,3
54,3928,352.41,586.77,53.89,26.99,3
55,3926,260.83,578.97,65.27,37.47,3
55,3929,68.60,525.37,52.91,46.65,3
55,3930,744.38,566.34,61.52,24.95,3
55,3919,85.22,418.19,83.39,43.56,5
55,3927,1919.82,936.19,173.57,76.32,3
55,3909,2482.78,1161.04,236.90,114.31,3
55,3928,361.64,585.98,58.42,29.43,3
56,3926,267.84,580.65,64.68,37.12,3
56,3929,75.54,527.53,55.08,47.50,3
56,3930,744.24,566.49,61.62,25.04,3
56,3919,83.24,418.21,84.00,43.77,5
56,3927,1955.80,944.35,176.00,77.22,3
56,3909,2512.79,1172.84,239.69,118.32,3
56,3928,369.84,589.49,57.96,28.77,3
57,3926,276.52,583.05,62.76,35.93,3
57,3929,80.26,529.72,56.86,47.91,3
57,3930,743.25,566.35,62.64,25.48,3
57,3919,93.03,419.62,80.32,42.91,5
57,3927,1991.44,952.61,180.15,79.06,3
57,3909,2523.23,1185.92,270.81,141.23,3
57,3928,376.93,591.08,62.08,30.93,3
58,3926,282.38,584.00,65.34,37.38,3
58,3929,86.54,532.11,57.84,47.78,3
58,3930,742.73,566.59,61.85,25.08,3
58,3919,85.45,417.75,82.58,43.74,5
58,3927,2028.28,961.20,182.16,80.05,3
58,3909,2554.08,1197.71,257.52,143.13,3
58,3928,383.57,593.72,63.62,31.60,3
59,3926,290.39,586.46,67.16,38.48,3
59,3930,741.75,567.06,62.86,25.45,3
59,3919,85.29,418.03,81.55,43.08,5
59,3927,2064.55,970.02,185.49,81.53,3
59,3909,2589.30,1208.44,262.84,146.08,3
59,3928,391.95,593.79,68.21,34.19,3
60,3926,297.00,588.35,68.47,39.16,3
60,3919,84.57,417.92,81.25,42.86,5
60,3927,2102.67,978.03,189.82,83.55,3
60,3909,2624.52,1219.18,268.16,149.04,3
60,3928,402.52,595.73,69.41,35.25,3
60,3932,423.57,551.14,63.03,36.68,3
60,3929,98.46,535.65,61.82,49.17,3
61,3926,304.63,590.38,68.17,38.89,3
61,3927,2142.98,987.46,190.55,83.77,3
61,3909,2659.74,1229.91,273.48,152.00,3
61,3928,413.28,596.82,70.92,36.26,3
61,3932,414.76,549.43,62.48,36.36,3
61,3929,106.46,537.46,62.90,49.22,3
61,3930,740.47,567.26,63.12,25.45,3
62,3909,2694.96,1240.65,278.81,154.96,3
62,3928,421.89,598.83,71.97,36.81,3
62,3932,402.17,547.02,63.30,36.81,3
62,3929,112.14,538.78,63.84,49.11,3
62,3930,740.48,566.85,62.22,25.03,3
63,3932,390.98,543.97,62.15,36.07,3
63,3929,118.59,539.35,64.76,49.25,3
63,3930,742.15,565.65,60.11,24.22,3
63,3925,212.68,437.13,32.76,15.09,3
63,3926,318.27,592.15,71.78,40.80,3
63,3927,2225.29,1003.87,196.54,86.51,3
64,3932,381.04,540.57,61.03,35.46,3
64,3929,124.83,539.67,66.07,49.72,3
64,3930,739.40,563.54,64.22,26.08,3
64,3925,210.91,435.76,33.42,15.28,3
64,3926,326.55,592.08,72.59,41.38,3
64,3927,2268.92,1011.80,198.79,87.28,3
64,3919,100.14,418.47,73.34,39.83,5
65,3932,368.80,537.41,60.93,35.30,3
65,3929,130.27,540.37,68.49,51.01,3
65,3930,739.20,563.11,63.15,25.74,3
65,3925,209.47,435.14,33.37,15.21,3
65,3926,334.91,593.39,71.56,40.72,3
65,3927,2314.47,1021.43,200.22,87.67,3
65,3919,87.52,415.74,76.22,40.57,5
66,3932,357.12,533.78,61.95,35.83,3
66,3929,138.37,542.02,68.64,50.85,3
66,3930,740.29,562.48,60.46,24.61,3
66,3925,209.40,434.44,33.43,15.20,3
66,3926,342.91,594.22,70.52,40.36,3
66,3927,2358.65,1031.90,205.69,90.22,3
66,3919,89.46,415.36,76.36,41.44,5
67,3932,346.51,532.58,61.53,35.55,3
67,3929,143.96,544.19,70.02,51.60,3
67,3930,738.82,562.37,61.64,25.07,3
67,3925,208.57,434.14,33.44,15.15,3
67,3926,351.00,595.93,70.26,40.30,3
67,3927,2403.68,1042.05,214.81,94.44,3
67,3919,90.09,414.96,74.98,41.33,5
68,3932,334.43,531.69,60.13,34.79,3
68,3929,149.48,546.85,70.18,51.43,3
68,3930,737.64,562.48,62.42,25.44,3
68,3925,207.26,434.30,33.61,15.18,3
68,3926,356.41,597.68,70.44,40.11,3
68,3927,2454.62,1055.13,214.03,93.88,3
68,3919,92.99,415.62,73.38,41.47,5
69,3932,326.63,532.21,57.26,32.89,3
69,3929,155.60,549.51,69.47,50.69,3
69,3930,736.62,562.68,61.97,25.29,3
69,3925,206.30,434.41,33.01,14.81,3
69,3926,363.22,599.95,67.65,38.29,3
69,3927,2500.37,1067.40,219.46,96.77,3
69,3919,83.59,414.11,75.32,41.94,5
70,3932,315.41,529.86,58.85,33.65,3
70,3929,159.72,552.04,71.01,51.54,3
70,3930,735.82,563.17,61.91,25.39,3
70,3925,204.05,434.74,33.75,15.13,3
70,3926,369.14,602.98,63.50,36.39,3
70,3927,2531.24,1080.43,225.48,102.70,3
70,3919,78.24,414.36,76.62,42.05,5
71,3932,304.63,527.69,59.22,33.83,3
71,3930,734.69,563.27,63.17,25.94,3
71,3925,203.04,435.05,34.71,15.57,3
71,3926,376.38,604.82,62.84,36.02,3
71,3927,2547.59,1093.77,251.22,121.72,3
71,3919,78.11,415.59,76.48,41.65,5
72,3932,292.33,526.46,59.54,34.17,3
72,3926,383.62,606.65,62.18,35.64,3
72,3927,2584.36,1103.92,257.33,124.68,3
72,3919,73.32,415.37,79.59,42.94,5
72,3929,171.25,557.23,74.10,53.37,3
73,3927,2621.12,1114.07,263.44,127.64,3
73,3919,75.13,416.64,77.95,42.05,5
73,3929,175.95,560.34,74.75,53.71,3
73,3930,732.14,565.57,60.70,24.79,3
73,3925,201.78,434.84,35.37,16.03,3
74,3919,69.67,415.51,79.78,42.69,5
74,3929,180.29,562.19,75.92,54.52,3
74,3930,730.87,566.33,59.61,24.27,3
74,3925,201.26,435.67,34.85,15.84,3
75,3929,184.84,565.39,74.91,53.63,3
75,3930,729.32,567.00,58.90,23.87,3
75,3925,199.24,435.89,34.89,15.87,3
76,3929,189.03,567.93,75.98,54.25,3
76,3930,728.12,567.12,58.83,23.66,3
76,3925,197.11,435.97,34.70,15.82,3
77,3929,194.22,570.74,76.19,54.09,3
77,3930,726.04,568.27,58.92,23.51,3
77,3925,196.10,436.21,33.58,15.29,3
77,3919,60.04,415.61,82.83,43.52,5
78,3929,198.35,572.86,77.80,55.03,3
78,3930,723.74,568.20,60.69,24.24,3
78,3925,194.01,436.28,32.74,14.88,3
78,3933,298.14,446.12,109.77,63.43,5
78,3919,54.80,415.03,86.05,44.42,5
79,3929,203.00,575.44,78.98,55.82,3
79,3930,722.15,568.99,61.56,24.67,3
79,3925,191.14,436.25,33.81,15.34,3
79,3933,298.24,447.37,105.25,60.81,5
79,3919,51.46,415.02,88.72,45.26,5
79,3932,213.93,516.27,59.49,34.26,3
80,3929,207.04,578.66,79.74,56.37,3
80,3930,719.14,568.57,63.70,25.70,3
80,3925,187.77,435.88,35.00,15.89,3
80,3933,295.83,447.98,104.19,60.20,5
80,3919,46.27,414.50,91.00,46.12,5
80,3932,201.31,515.98,57.27,33.14,3
81,3930,713.53,570.21,64.09,25.81,3
81,3925,182.80,436.73,34.27,15.59,3
81,3933,294.88,448.57,102.50,59.23,5
81,3919,44.07,415.30,86.51,43.58,5
81,3932,187.61,516.02,56.00,32.26,3
82,3930,705.83,570.12,65.18,26.32,3
82,3925,173.50,436.42,35.21,16.06,3
82,3933,279.09,449.05,102.72,59.14,5
82,3919,30.74,415.07,90.20,44.91,5
82,3932,169.62,515.75,55.63,32.02,3
82,3929,206.31,586.51,81.21,57.40,3
83,3930,692.13,571.27,66.28,26.92,3
83,3933,262.93,449.03,105.40,60.65,5
83,3919,12.53,414.76,93.50,46.30,5
83,3932,157.40,514.53,55.30,31.82,3
83,3934,1766.68,462.39,117.39,63.67,5
83,3929,197.10,590.20,83.31,58.79,3
84,3930,670.99,573.44,69.55,28.29,3
84,3919,-1.89,416.91,91.76,46.26,5
84,3932,145.17,513.32,54.96,31.63,3
84,3934,1745.79,462.88,117.22,63.60,5
84,3929,182.21,595.89,82.57,58.11,3
85,3919,-14.69,423.86,83.90,44.43,5
85,3932,132.95,512.10,54.62,31.43,3
85,3934,1718.54,466.03,120.66,65.42,5
85,3929,160.84,603.10,85.61,60.15,3
86,3934,1697.14,470.28,119.54,64.59,5
86,3929,140.18,611.83,88.52,62.00,3
87,3934,1669.83,471.56,122.54,65.98,5
87,3929,122.23,620.13,86.27,60.29,3
88,3934,1649.04,473.87,124.26,66.54,5
88,3929,105.35,626.60,87.96,60.94,3
89,3934,1630.63,474.82,128.84,68.74,5
89,3929,97.07,632.00,87.70,60.36,3
90,3934,1620.26,476.55,127.27,67.96,5
90,3929,98.06,635.70,86.53,58.65,3
91,3934,1613.88,476.34,128.43,68.60,5
91,3929,101.86,639.67,87.38,58.98,3
92,3934,1611.12,475.79,129.53,68.67,5
92,3929,111.03,642.51,84.32,56.37,3
93,3934,1606.26,476.59,129.52,68.49,5
94,3934,1601.25,476.97,132.13,69.09,5
95,3934,1594.96,476.65,135.10,69.99,5
95,3930,549.98,593.10,75.90,31.11,3
96,3930,545.47,592.93,74.89,30.69,3
97,3930,546.54,593.12,71.31,29.02,3
98,3930,546.91,592.78,70.39,28.56,3
98,3938,1198.51,466.89,52.04,18.62,3
99,3930,546.06,593.39,70.99,28.92,3
99,3938,1194.99,466.77,51.09,18.30,3
100,3930,545.27,593.55,69.58,28.26,3
100,3938,1188.22,466.67,54.02,19.37,3
101,3930,546.88,593.53,67.12,27.19,3
101,3938,1177.83,466.12,58.00,20.74,3
102,3930,546.39,594.19,66.77,27.09,3
102,3938,1174.39,466.56,56.19,20.05,3
102,3934,1540.39,480.01,139.90,73.23,5
103,3930,544.80,593.89,68.35,27.79,3
103,3938,1172.02,467.36,52.85,18.81,3
103,3934,1535.50,480.52,138.72,73.18,5
103,3933,71.60,474.95,67.80,43.95,5
104,3930,538.77,594.65,74.27,30.21,3
104,3938,1170.09,467.04,51.89,18.55,3
104,3933,62.50,476.24,66.22,42.93,5
105,3930,536.30,595.29,76.08,30.99,3
105,3933,53.40,477.54,64.64,41.91,5
106,3933,44.30,478.83,63.06,40.88,5
106,3934,1516.69,483.13,139.68,73.81,5
107,3934,1510.14,482.94,140.50,74.19,5
107,3930,533.19,595.91,76.68,31.17,3
108,3934,1503.11,483.67,141.64,74.96,5
108,3930,534.03,595.98,75.78,30.81,3
109,3934,1495.90,483.81,143.57,75.69,5
109,3930,534.75,596.26,73.72,29.95,3
110,3934,1487.13,483.87,145.36,76.60,5
110,3930,532.94,595.72,76.75,31.32,3
111,3934,1480.06,485.77,143.89,75.92,5
111,3930,533.76,595.86,75.56,30.88,3
112,3934,1473.38,486.95,141.78,74.86,5
112,3930,533.51,595.58,77.31,31.74,3
113,3934,1465.81,488.70,141.86,74.94,5
113,3930,530.72,595.71,79.41,32.79,3
114,3934,1456.57,488.99,144.07,76.04,5
114,3930,530.02,595.84,79.90,33.24,3
115,3934,1449.83,488.58,145.43,76.56,5
115,3930,530.22,595.39,78.22,32.68,3
116,3934,1441.35,489.38,145.31,76.35,5
116,3930,530.39,595.48,76.52,32.07,3
117,3934,1432.90,490.35,146.42,76.96,5
117,3930,528.32,595.20,77.13,32.44,3
118,3934,1421.03,490.39,148.90,78.26,5
118,3930,524.66,594.57,79.47,33.52,3
119,3934,1409.02,492.17,147.69,77.44,5
119,3930,516.74,595.62,78.44,33.20,3
120,3934,1386.47,492.65,149.30,78.16,5
120,3930,500.64,596.88,77.91,33.11,3
121,3934,1358.02,493.39,151.74,79.36,5
121,3930,481.74,597.87,77.54,33.18,3
122,3934,1333.83,494.51,151.94,79.35,5
122,3930,460.47,598.74,74.87,31.85,3
123,3934,1312.47,494.24,153.32,80.03,5
123,3930,447.49,599.49,74.57,31.70,3
124,3934,1298.70,494.80,154.62,80.62,5
124,3930,439.19,599.32,76.58,32.59,3
124,3939,-0.43,464.44,100.69,71.19,5
125,3934,1287.72,496.01,155.38,80.90,5
125,3930,433.97,599.42,78.07,33.26,3
125,3939,-1.05,464.76,99.75,70.56,5
126,3934,1276.58,496.59,157.75,81.83,5
126,3930,434.50,599.63,76.45,32.82,3
126,3939,-2.46,464.87,100.55,71.25,5
126,3940,1265.52,913.49,139.82,66.25,4
127,3934,1268.41,498.21,159.07,82.18,5
127,3930,433.16,599.99,76.29,32.82,3
127,3939,-4.75,463.78,103.31,73.42,5
127,3940,1290.96,920.75,144.22,68.34,4
128,3934,1256.62,500.05,161.00,83.10,5
128,3930,431.92,600.67,78.10,33.88,3
128,3939,-5.19,465.06,103.39,73.76,5
128,3940,1321.39,929.62,147.43,69.84,4
129,3934,1248.35,502.04,161.31,83.26,5
129,3930,429.57,601.97,80.69,35.30,3
129,3939,-4.50,467.13,100.70,72.13,5
129,3940,1353.02,938.88,150.68,71.34,4
130,3934,1237.80,501.93,164.51,84.78,5
130,3930,430.89,601.98,78.74,34.72,3
130,3939,-3.13,467.96,98.54,70.81,5
130,3940,1384.17,946.82,153.80,72.76,4
131,3934,1227.71,502.52,165.92,85.27,5
131,3930,429.64,602.57,80.01,35.59,3
131,3939,-2.90,468.27,97.98,70.69,5
131,3940,1417.31,953.90,155.99,73.72,4
132,3934,1218.38,503.61,167.23,85.83,5
132,3930,429.00,602.51,79.82,35.75,3
132,3939,-2.53,469.00,96.63,69.98,5
132,3940,1452.05,961.96,156.41,73.71,4
133,3934,1206.70,503.58,169.43,87.06,5
133,3930,429.96,602.11,77.97,35.10,3
133,3939,-3.05,468.23,96.66,70.36,5
133,3940,1486.74,968.22,161.46,76.07,4
134,3934,1198.22,503.93,171.27,87.65,5
134,3930,430.46,601.58,76.83,34.72,3
134,3939,-3.66,467.64,96.08,70.37,5
134,3940,1521.07,976.07,163.60,76.99,4
135,3934,1188.95,504.44,172.31,87.90,5
135,3930,430.62,601.41,77.03,34.96,3
135,3939,-4.14,467.17,95.63,70.52,5
135,3940,1553.47,983.50,167.42,78.66,4
136,3934,1177.48,504.25,174.58,88.40,5
136,3930,429.61,601.22,77.42,35.26,3
136,3939,-4.10,467.18,94.97,70.47,5
136,3940,1590.57,992.11,169.23,79.26,4
137,3934,1164.13,504.89,176.39,89.11,5
137,3930,428.45,601.95,75.57,34.41,3
137,3939,-5.21,467.06,94.91,71.14,5
137,3940,1627.16,1002.00,168.51,78.77,4
138,3934,1150.49,505.60,176.50,88.69,5
138,3930,424.41,601.69,74.80,34.06,3
138,3939,-8.34,466.83,94.52,72.25,5
138,3940,1660.01,1009.04,171.94,80.22,4
139,3934,1132.75,505.53,180.60,90.65,5
139,3930,416.63,601.46,76.32,34.76,3
139,3939,-11.38,468.82,91.84,72.13,5
139,3940,1693.82,1016.51,176.31,82.35,4
140,3934,1115.29,505.72,183.46,91.59,5
140,3930,410.39,601.17,75.43,34.38,3
140,3939,-13.37,469.18,88.61,71.98,5
140,3940,1727.24,1025.13,177.73,82.63,4
141,3934,1096.92,506.29,186.70,93.08,5
141,3930,400.92,601.10,78.01,35.73,3
141,3939,-15.84,469.09,85.00,71.80,5
141,3940,1758.65,1032.27,183.05,85.20,4
142,3930,394.95,601.58,76.91,35.36,3
142,3939,-17.73,469.34,85.08,71.87,5
142,3940,1793.56,1040.61,186.57,86.83,4
143,3939,-19.62,469.59,85.15,71.93,5
143,3940,1827.56,1047.99,191.20,89.26,4
143,3934,1067.77,508.94,189.67,94.39,5
144,3940,1865.01,1056.29,192.79,89.55,4
144,3934,1051.95,510.22,188.42,93.77,5
144,3930,379.67,602.10,74.21,33.90,3
145,3940,1902.03,1064.43,196.27,91.53,4
145,3934,1033.50,510.35,190.75,94.59,5
145,3930,372.14,601.75,74.82,34.00,3
146,3940,1943.33,1074.19,195.38,91.17,4
146,3934,1016.88,511.17,190.83,94.46,5
146,3930,366.03,601.36,76.10,34.73,3
147,3940,1987.72,1083.66,196.89,91.94,4
147,3934,1001.07,511.02,196.10,96.86,5
147,3930,362.27,601.20,78.31,35.88,3
148,3940,2033.38,1094.35,200.22,93.57,4
148,3934,989.70,512.32,196.19,96.85,5
148,3930,360.88,600.93,78.66,36.18,3
149,3940,2080.72,1104.39,202.84,94.99,4
149,3934,977.15,513.01,198.54,97.80,5
149,3930,359.53,601.26,79.13,36.43,3
150,3940,2129.80,1115.31,202.53,94.79,4
150,3934,967.11,513.74,200.60,98.94,5
150,3930,359.94,601.58,79.87,36.89,3
151,3940,2179.72,1125.98,208.61,97.73,4
151,3934,956.02,514.58,202.02,99.83,5
151,3930,360.27,601.70,79.29,36.72,3
151,3941,1208.20,949.03,161.26,87.35,3
152,3940,2226.03,1137.42,219.23,102.94,4
152,3934,944.72,516.91,202.51,99.92,5
152,3930,361.91,602.55,77.62,36.03,3
152,3941,1234.81,955.78,160.47,86.88,3
152,3942,939.03,925.84,177.58,102.84,4
153,3940,2282.93,1149.61,214.78,100.65,4
153,3934,928.85,517.04,210.14,103.68,5
153,3930,361.75,602.55,78.09,36.28,3
153,3941,1265.01,962.75,163.93,88.75,3
153,3942,960.99,928.55,185.78,107.78,4
154,3940,2337.45,1160.57,219.75,102.71,4
154,3934,917.47,518.47,212.08,104.47,5
154,3930,361.45,602.63,77.91,36.25,3
154,3941,1293.79,969.07,168.33,91.27,3
154,3942,990.09,933.00,195.11,113.65,4
155,3940,2388.04,1171.77,230.52,108.06,4
155,3934,907.04,522.02,209.50,102.92,5
155,3930,361.12,602.73,78.31,36.56,3
155,3941,1322.37,975.43,171.86,93.25,3
155,3942,1022.24,940.86,196.54,114.90,4
156,3940,2449.00,1184.11,232.41,108.04,4
156,3934,897.95,523.66,209.20,102.63,5
156,3930,361.05,603.25,78.57,36.86,3
156,3941,1353.26,982.99,175.36,95.32,3
156,3942,1050.32,946.63,202.64,119.05,4
157,3940,2493.27,1195.54,239.39,112.81,4
157,3934,886.88,526.28,208.88,102.04,5
157,3930,361.17,603.41,78.23,36.82,3
157,3941,1384.68,989.85,176.47,95.98,3
157,3942,1081.99,952.15,205.90,121.77,4
157,3943,2267.89,962.25,166.23,62.23,3
158,3940,2516.17,1209.07,268.11,132.73,4
158,3934,873.40,527.32,211.51,102.99,5
158,3930,360.28,603.28,80.56,37.97,3
158,3941,1415.27,996.46,182.77,99.67,3
158,3942,1115.13,959.48,209.25,124.68,4
158,3943,2236.82,957.97,163.23,61.12,3
159,3934,862.51,528.00,214.21,104.02,5
159,3930,362.02,604.00,78.94,37.20,3
159,3941,1453.44,1004.59,180.09,98.20,3
159,3942,1147.73,966.41,212.54,127.73,4
159,3943,2202.42,952.38,156.54,58.62,3
160,3934,849.05,529.22,217.64,105.49,5
160,3930,363.72,604.60,78.85,37.25,3
160,3941,1486.52,1013.41,182.83,99.59,3
160,3942,1183.90,974.18,212.02,128.47,4
160,3943,2163.77,947.57,159.21,59.78,3
161,3934,835.27,531.61,221.46,107.17,5
161,3930,364.84,605.09,79.10,37.43,3
161,3941,1522.14,1020.50,185.64,101.16,3
161,3942,1218.56,981.80,213.81,130.77,4
161,3943,2127.01,942.46,165.62,62.50,3
162,3934,826.10,535.07,219.98,106.21,5
162,3930,365.79,605.21,78.27,37.09,3
162,3941,1555.93,1027.42,191.70,104.67,3
162,3942,1255.17,990.37,215.47,133.07,4
162,3943,2096.64,937.91,158.82,60.03,3
163,3934,809.25,534.84,225.75,108.49,5
163,3930,365.92,605.47,78.13,36.98,3
163,3941,1594.99,1036.55,190.46,103.99,3
163,3942,1291.17,999.26,218.05,135.71,4
163,3943,2064.22,933.17,158.15,59.97,3
164,3934,795.32,536.30,229.27,109.71,5
164,3930,366.10,605.78,78.10,36.84,3
164,3941,1632.90,1045.24,194.72,106.73,3
164,3942,1330.56,1008.63,216.42,135.80,4
164,3943,2032.14,928.51,160.06,61.02,3
165,3934,784.72,538.16,229.82,109.54,5
165,3930,366.63,606.69,76.54,35.81,3
165,3941,1673.55,1054.31,196.65,107.92,3
165,3942,1369.61,1017.36,218.47,137.93,4
165,3943,2001.57,923.65,159.02,60.91,3
166,3934,769.10,540.66,231.05,109.72,5
166,3930,367.07,607.19,76.25,35.48,3
166,3941,1712.85,1063.40,200.81,110.34,3
166,3942,1406.14,1025.52,223.15,141.66,4
166,3943,1971.72,919.09,155.77,60.01,3
167,3934,756.99,542.21,232.45,110.26,5
167,3930,367.53,607.29,75.90,35.01,3
167,3941,1753.32,1072.88,202.66,111.60,3
167,3942,1447.53,1034.30,224.81,143.54,4
167,3943,1942.24,913.80,152.02,58.88,3
168,3934,743.48,542.98,236.45,112.09,5
168,3930,366.50,607.47,76.73,35.22,3
168,3941,1794.15,1081.70,206.45,113.89,3
168,3942,1489.71,1043.37,226.28,144.91,4
168,3943,1913.18,910.12,146.19,56.68,3
169,3934,728.15,543.98,242.14,115.12,5
169,3930,365.86,607.63,76.82,35.14,3
169,3941,1837.72,1089.83,211.65,116.72,3
169,3942,1531.64,1053.36,230.54,148.58,4
169,3943,1883.66,904.42,145.02,56.37,3
170,3934,714.53,546.56,242.15,115.31,5
170,3930,364.65,607.99,77.33,35.38,3
170,3941,1881.74,1100.21,211.23,116.25,3
170,3942,1574.12,1062.18,233.51,151.18,4
170,3943,1855.04,899.17,144.74,56.17,3
171,3934,699.51,549.38,243.29,115.81,5
171,3930,363.34,608.07,74.20,33.68,3
171,3941,1926.75,1109.42,209.29,115.03,3
171,3942,1618.89,1072.07,237.23,154.45,4
171,3943,1824.76,894.14,140.92,54.74,3
172,3934,683.36,551.83,243.75,115.94,5
172,3930,361.00,609.06,75.77,34.41,3
172,3941,1972.36,1118.01,213.71,117.36,3
172,3942,1668.16,1082.65,233.80,152.38,4
172,3943,1795.70,890.78,132.64,51.30,3
172,3944,425.72,463.16,140.11,48.06,5
173,3934,666.70,553.50,247.59,117.42,5
173,3930,359.14,609.51,78.18,35.55,3
173,3941,2017.50,1125.16,220.77,121.52,3
173,3942,1714.78,1091.06,236.67,154.78,4
173,3943,1766.14,885.81,130.77,50.40,3
173,3944,422.57,462.59,141.37,48.57,5
174,3934,651.86,556.91,248.20,117.70,5
174,3930,360.52,610.66,75.95,34.42,3
174,3941,2068.54,1134.21,221.43,121.90,3
174,3942,1760.60,1099.77,245.90,161.81,4
174,3943,1741.00,881.89,127.95,49.18,3
174,3944,420.93,464.78,131.15,44.92,5
175,3934,635.67,558.28,251.21,118.72,5
175,3930,360.63,610.60,76.49,34.57,3
175,3941,2119.48,1144.14,220.20,120.72,3
175,3942,1810.80,1109.32,249.02,164.50,4
175,3943,1715.08,876.87,126.59,48.46,3
175,3944,412.03,463.78,132.53,45.33,5
176,3934,618.57,559.69,256.44,120.75,5
176,3930,361.92,610.37,75.20,33.77,3
176,3941,2169.58,1154.07,227.28,124.26,3
176,3942,1861.88,1117.82,252.63,167.69,4
176,3943,1686.75,871.56,125.98,48.23,3
176,3944,404.75,463.86,133.84,45.51,5
177,3934,600.76,560.38,260.24,122.50,5
177,3930,363.09,609.67,73.49,32.83,3
177,3941,2218.36,1162.05,236.86,129.56,3
177,3942,1908.90,1123.81,260.96,174.03,4
177,3943,1655.42,864.20,130.82,50.22,3
177,3944,399.97,463.42,131.18,44.12,5
178,3930,362.51,609.61,76.97,34.48,3
178,3941,2267.84,1170.57,243.14,133.39,3
178,3942,1963.06,1135.02,260.39,174.08,4
178,3943,1628.87,860.56,126.62,48.31,3
178,3944,395.57,463.43,129.16,43.44,5
179,3930,362.72,608.64,76.90,34.40,3
179,3942,2013.68,1145.42,265.80,178.36,4
179,3943,1601.41,855.38,124.76,47.65,3
179,3944,391.17,463.44,127.14,42.76,5
179,3934,564.04,562.50,266.95,125.47,5
180,3942,2065.79,1154.10,267.38,179.84,4
180,3943,1576.02,848.98,119.45,45.57,3
180,3944,386.76,463.45,125.11,42.08,5
180,3934,546.27,560.74,271.70,127.47,5
180,3941,2375.27,1188.83,252.72,138.17,3
181,3943,1550.81,837.31,116.01,44.16,3
181,3944,382.36,463.46,123.09,41.40,5
181,3934,530.10,555.77,273.97,128.94,5
181,3941,2431.35,1193.45,252.55,137.77,3
181,3930,360.41,597.79,78.47,34.99,3
182,3943,1525.87,823.27,113.85,43.27,3
182,3934,510.75,548.17,275.26,129.02,5
182,3941,2477.10,1196.97,252.90,139.22,3
182,3945,2621.13,912.51,82.82,117.17,5
182,3930,361.35,588.98,75.79,33.82,3
182,3942,2172.95,1158.91,274.37,185.73,4
183,3934,493.58,542.61,275.67,129.01,5
183,3941,2504.94,1198.23,265.95,151.86,3
183,3945,2605.04,903.68,88.31,123.34,5
183,3930,358.67,578.24,80.43,35.81,3
183,3942,2230.14,1161.70,274.31,185.87,4
184,3934,467.91,531.75,286.90,134.00,5
184,3941,2535.15,1201.18,268.41,162.48,3
184,3945,2584.24,889.71,97.19,132.56,5
184,3930,359.16,567.76,79.15,35.50,3
184,3942,2286.50,1163.66,277.57,188.17,4
185,3941,2578.37,1208.53,272.39,164.89,3
185,3945,2565.65,878.44,103.10,135.00,5
185,3930,357.01,559.01,80.27,36.09,3
185,3942,2343.34,1167.47,284.70,193.11,4
186,3945,2547.15,867.79,111.60,138.41,5
186,3930,356.05,555.13,78.88,35.74,3
186,3942,2403.50,1175.17,286.68,193.09,4
186,3934,430.02,521.25,293.45,136.71,5
187,3945,2525.20,865.56,115.95,133.40,5
187,3930,357.83,551.90,77.09,34.89,3
187,3942,2451.80,1187.54,284.41,193.17,4
187,3934,411.22,521.72,293.23,136.67,5
188,3930,357.45,547.79,77.08,34.88,3
188,3942,2491.30,1200.25,280.78,197.08,4
188,3934,385.65,523.51,298.81,139.35,5
189,3934,357.65,524.33,307.92,143.99,5
189,3945,2461.63,861.04,130.99,131.53,5
190,3934,340.06,529.80,303.32,141.07,5
190,3945,2429.81,857.88,136.33,128.28,5
191,3934,315.71,533.64,305.62,141.13,5
191,3945,2394.24,855.02,143.51,127.80,5
192,3934,283.81,532.88,319.27,147.21,5
192,3945,2358.66,850.34,150.06,126.75,5
193,3934,259.71,535.96,323.92,148.62,5
193,3945,2326.76,847.41,154.55,124.69,5
194,3934,231.01,539.73,329.06,150.39,5
194,3945,2294.22,844.12,160.21,124.22,5
195,3934,204.15,542.75,335.69,152.46,5
195,3945,2264.28,840.85,166.09,123.97,5
196,3934,177.77,546.98,337.79,152.09,5
196,3945,2235.55,836.73,168.80,121.19,5
197,3934,147.54,549.39,345.19,154.61,5
197,3945,2206.89,833.81,170.43,118.28,5
198,3934,117.04,551.25,355.22,158.43,5
198,3945,2177.35,830.77,174.53,118.03,5
199,3934,88.84,558.27,355.83,157.22,5
199,3945,2147.02,828.15,177.71,117.45,5
200,3934,57.85,560.90,365.35,160.52,5
200,3945,2116.26,824.10,183.55,119.16,5
201,3934,30.82,565.28,370.74,162.22,5
201,3945,2083.51,820.79,192.39,123.39,5
202,3934,4.01,568.31,375.18,164.04,5
202,3945,2056.77,815.19,194.16,122.98,5
203,3934,-16.33,571.84,382.81,168.72,5
203,3945,2030.66,812.15,193.18,121.08,5
204,3934,-38.56,574.93,396.75,178.42,5
204,3945,2005.10,809.94,190.98,118.34,5
204,3946,1131.22,890.50,164.04,75.92,3
205,3934,-50.44,577.77,391.68,180.73,5
205,3945,1978.69,806.55,192.76,117.98,5
205,3946,1159.78,897.30,167.30,77.49,3
206,3934,-57.64,581.61,380.04,180.73,5
206,3945,1950.36,801.92,196.12,119.35,5
206,3946,1196.57,905.93,166.87,77.34,3
207,3934,-76.05,582.65,389.12,192.87,5
207,3945,1925.51,797.72,195.74,118.36,5
207,3946,1233.49,913.68,168.90,78.27,3
207,3947,972.20,897.31,144.81,72.47,4
207,3948,482.84,419.69,72.43,26.91,3
208,3934,-82.15,587.15,372.32,193.16,5
208,3945,1900.54,795.02,193.10,115.82,5
208,3946,1267.08,920.84,173.51,80.52,3
208,3947,999.20,903.16,146.72,73.39,4
208,3948,482.33,419.52,70.66,26.27,3
209,3934,-83.36,591.36,344.10,187.15,5
209,3945,1874.11,792.17,195.65,116.78,5
209,3946,1301.92,927.77,178.96,83.16,3
209,3947,1029.60,909.20,150.79,75.40,4
209,3948,479.48,422.16,68.92,25.67,3
210,3934,-89.12,592.99,326.30,187.72,5
210,3945,1852.79,788.73,190.57,112.62,5
210,3946,1339.07,936.23,180.02,83.68,3
210,3947,1059.74,915.90,154.39,77.24,4
210,3948,473.13,422.01,69.23,25.94,3
211,3934,-96.27,592.81,305.41,187.44,5
211,3945,1828.62,785.90,188.13,110.25,5
211,3946,1375.24,944.19,182.41,84.73,3
211,3947,1091.31,922.72,156.35,78.31,4
211,3948,468.73,421.92,68.87,25.92,3
212,3934,-111.01,593.59,303.76,200.86,5
212,3945,1804.23,783.45,186.28,108.32,5
212,3946,1411.99,952.56,185.26,86.10,3
212,3947,1121.94,929.61,161.69,81.17,4
212,3948,460.07,422.21,68.26,25.61,3
213,3945,1779.28,779.71,186.96,107.74,5
213,3946,1449.88,961.32,189.37,88.00,3
213,3947,1155.37,936.99,162.81,81.93,4
213,3948,454.04,422.61,68.59,25.63,3
213,3949,349.83,549.18,81.96,36.12,3
214,3945,1753.89,775.46,190.35,109.34,5
214,3946,1488.16,970.27,191.64,89.02,3
214,3947,1188.60,943.84,164.54,83.03,4
214,3948,448.99,421.94,69.50,25.96,3
214,3949,349.58,549.00,81.86,36.08,3
215,3945,1733.80,773.12,182.15,103.47,5
215,3946,1527.77,979.65,195.80,90.94,3
215,3947,1222.37,951.73,165.99,83.93,4
215,3948,441.84,422.36,68.37,25.46,3
215,3949,349.78,549.61,80.85,35.63,3
216,3945,1709.49,769.91,182.13,102.54,5
216,3946,1570.69,989.60,196.47,91.13,3
216,3947,1256.79,960.14,166.82,84.40,4
216,3948,435.72,422.50,65.12,24.33,3
216,3949,350.41,549.66,79.52,35.00,3
216,3950,2615.55,896.06,91.85,61.37,3
217,3945,1682.93,764.52,188.71,105.88,5
217,3946,1614.43,999.28,198.53,92.12,3
217,3947,1289.96,967.78,171.43,86.98,4
217,3948,431.97,422.63,61.74,23.13,3
217,3949,349.00,549.69,79.92,35.14,3
217,3950,2600.12,891.54,97.46,64.41,3
218,3945,1660.31,762.56,186.39,103.91,5
218,3946,1655.99,1009.03,203.07,94.24,3
218,3947,1324.95,974.96,173.69,88.27,4
218,3948,427.32,423.38,63.05,23.58,3
218,3949,348.72,549.77,79.90,35.11,3
218,3950,2582.10,888.58,99.58,64.10,3
219,3945,1636.35,759.10,188.46,104.97,5
219,3946,1701.06,1019.77,205.15,95.06,3
219,3947,1360.57,984.19,176.25,89.83,4
219,3948,422.35,423.72,61.89,22.93,3
219,3949,348.67,549.81,79.59,34.93,3
219,3950,2555.11,884.93,102.29,63.70,3
220,3945,1614.38,756.09,186.14,103.16,5
220,3946,1743.39,1028.56,215.09,99.90,3
220,3947,1397.12,992.28,179.79,91.90,4
220,3948,416.38,424.02,62.60,22.99,3
220,3949,347.94,549.77,78.85,34.55,3
220,3950,2525.41,880.56,103.02,61.71,3
221,3945,1592.72,753.43,184.54,101.57,5
221,3946,1789.58,1039.21,217.04,100.91,3
221,3947,1435.27,1001.35,182.41,93.41,4
221,3948,412.05,424.23,62.65,22.74,3
221,3949,348.17,550.25,78.13,34.10,3
221,3950,2492.67,876.62,107.26,61.74,3
222,3945,1571.20,750.17,184.47,101.27,5
222,3946,1838.42,1050.50,217.62,101.02,3
222,3947,1475.20,1010.66,184.73,94.64,4
222,3948,410.74,425.33,60.64,21.79,3
222,3949,348.21,550.39,77.40,33.63,3
222,3950,2461.07,872.79,109.47,60.20,3
223,3945,1546.85,746.69,186.28,102.38,5
223,3946,1886.40,1061.40,223.50,103.74,3
223,3947,1516.53,1021.21,186.61,95.58,4
223,3948,405.89,425.44,58.10,20.60,3
223,3949,348.24,550.67,77.49,33.61,3
223,3950,2428.31,868.88,112.53,59.30,3
224,3945,1526.31,743.32,183.15,100.46,5
224,3946,1938.99,1073.84,223.43,103.49,3
224,3947,1557.98,1030.77,190.36,97.70,4
224,3948,396.83,425.74,60.22,21.10,3
224,3949,347.82,550.83,77.67,33.55,3
224,3950,2397.96,864.37,119.16,60.51,3
225,3945,1506.68,740.29,179.09,97.83,5
225,3946,1989.36,1084.43,228.28,105.75,3
225,3947,1597.59,1039.40,198.65,102.46,4
225,3948,387.43,425.65,62.14,21.42,3
225,3949,347.28,551.56,77.84,33.61,3
225,3950,2364.93,860.44,124.89,61.17,3
225,3951,2619.41,1025.29,86.51,103.63,3
226,3945,1488.44,739.76,173.01,93.62,5
226,3946,2039.97,1096.05,233.22,107.91,3
226,3947,1643.63,1051.24,199.15,102.76,4
226,3948,375.74,425.11,66.84,22.60,3
226,3949,347.16,551.54,77.46,33.34,3
226,3950,2333.29,856.82,129.11,61.23,3
226,3951,2598.87,1018.20,84.36,98.87,3
227,3945,1467.51,737.60,170.74,92.06,5
227,3946,2094.85,1108.04,238.64,110.24,3
227,3947,1688.73,1062.09,199.99,103.33,4
227,3948,356.44,424.20,79.70,26.24,3
227,3949,347.02,551.63,77.79,33.36,3
227,3950,2302.19,853.17,132.08,60.97,3
227,3951,2571.71,1008.84,83.54,93.22,3
228,3945,1449.36,735.30,170.65,92.06,5
228,3946,2150.64,1121.04,242.47,111.82,3
228,3947,1733.63,1072.25,204.58,106.01,4
228,3948,342.13,423.39,89.44,28.81,3
228,3949,347.17,551.69,77.70,33.24,3
228,3950,2273.08,850.19,133.33,59.80,3
228,3951,2527.30,1000.92,86.82,91.49,3
229,3946,2206.02,1133.16,248.32,114.33,3
229,3947,1783.09,1083.31,205.85,106.75,4
229,3948,334.04,423.37,91.15,29.35,3
229,3949,347.07,551.70,77.60,33.22,3
229,3950,2245.11,846.28,138.01,60.28,3
229,3951,2476.93,993.60,89.03,87.93,3
230,3947,1833.02,1095.61,206.94,106.92,4
230,3948,325.95,423.36,92.85,29.90,3
230,3949,347.01,551.78,77.08,32.97,3
230,3950,2215.09,842.31,139.65,59.48,3
230,3951,2428.49,984.36,93.31,86.02,3
230,3945,1406.63,729.25,169.60,91.25,5
231,3948,317.85,423.35,94.55,30.45,3
231,3949,346.72,551.67,77.87,33.27,3
231,3950,2184.77,838.73,141.15,58.98,3
231,3951,2379.43,976.16,98.39,84.86,3
231,3945,1385.01,725.92,171.95,92.48,5
231,3946,2325.49,1159.14,260.07,119.24,3
232,3950,2157.86,834.28,142.57,58.42,3
232,3951,2328.53,967.43,102.95,83.18,3
232,3945,1362.96,722.63,172.01,92.52,5
232,3946,2387.55,1173.04,263.18,120.23,3
232,3947,1936.21,1119.41,210.34,108.71,4
233,3951,2282.77,959.43,108.31,82.40,3
233,3945,1340.91,719.34,172.07,92.55,5
233,3946,2448.80,1187.59,265.68,121.25,3
233,3947,1987.22,1130.56,216.23,111.87,4
233,3949,345.33,551.05,79.25,33.62,3
234,3945,1318.86,716.04,172.13,92.58,5
234,3946,2485.34,1201.00,276.11,129.61,3
234,3947,2041.27,1142.32,221.06,114.19,4
234,3952,2599.91,914.96,112.37,64.78,3
234,3949,344.89,550.82,79.86,33.73,3
234,3950,2101.58,827.76,144.53,57.66,3
235,3946,2513.12,1214.37,294.65,146.53,3
235,3947,2095.70,1155.04,224.53,115.82,4
235,3952,2584.63,911.38,114.78,65.58,3
235,3949,345.03,550.63,79.32,33.28,3
235,3950,2074.33,823.48,145.05,57.10,3
235,3951,2188.13,943.82,118.36,80.64,3
236,3947,2152.36,1167.93,231.37,119.22,4
236,3952,2568.09,908.92,111.68,62.42,3
236,3949,344.67,550.91,79.58,33.25,3
236,3950,2047.97,819.77,146.58,57.09,3
236,3951,2143.32,936.35,123.48,80.25,3
237,3947,2212.54,1181.01,236.27,121.30,4
237,3952,2540.47,905.80,113.63,61.81,3
237,3949,344.75,550.62,79.67,33.21,3
237,3950,2021.80,815.94,146.65,56.54,3
237,3951,2100.85,929.08,129.95,81.28,3
238,3947,2272.74,1195.12,240.40,123.10,4
238,3952,2505.03,900.90,123.52,65.59,3
238,3949,344.26,550.54,79.94,33.20,3
238,3950,1995.85,812.96,146.19,55.94,3
238,3951,2058.28,921.44,134.62,81.23,3
239,3947,2335.47,1209.66,244.76,124.93,4
239,3952,2477.40,898.03,116.69,59.58,3
239,3949,344.30,550.60,79.94,33.10,3
239,3950,1969.60,808.92,147.89,56.12,3
239,3951,2017.30,914.29,137.82,80.51,3
239,3953,1.91,594.91,31.22,48.26,3
240,3947,2400.32,1225.21,247.37,125.72,4
240,3952,2443.69,893.81,122.64,60.73,3
240,3949,343.97,550.43,79.98,33.00,3
240,3950,1945.67,805.00,146.97,55.46,3
240,3951,1977.25,907.49,139.88,79.49,3
240,3953,7.64,600.99,28.76,43.88,3
241,3947,2463.08,1240.04,248.10,125.77,4
241,3952,2413.33,890.42,123.81,59.13,3
241,3949,343.23,550.60,81.08,33.32,3
241,3950,1921.74,801.60,148.42,55.73,3
241,3951,1938.00,901.25,141.75,78.42,3
241,3953,13.47,607.08,28.06,41.53,3
242,3947,2503.21,1255.14,257.01,134.40,4
242,3952,2379.87,886.39,130.43,60.44,3
242,3949,343.26,550.62,82.16,33.71,3
242,3950,1899.26,798.22,145.22,54.15,3
242,3951,1900.35,894.41,143.17,77.51,3
242,3953,17.76,610.41,28.25,39.87,3
243,3947,2529.36,1268.03,282.31,157.29,4
243,3952,2348.22,882.99,134.19,60.50,3
243,3949,343.17,550.40,82.63,33.87,3
243,3950,1876.32,795.14,144.16,53.57,3
243,3951,1861.74,887.90,144.38,76.73,3
243,3953,22.23,612.37,30.19,39.82,3
244,3952,2320.26,878.24,137.86,60.52,3
244,3949,343.12,549.48,81.81,33.51,3
244,3950,1853.73,791.57,141.88,52.26,3
244,3951,1826.96,881.38,143.17,74.80,3
244,3953,27.47,614.32,29.84,35.46,3
245,3952,2291.63,873.65,140.35,59.92,3
245,3949,342.38,548.38,82.33,33.77,3
245,3950,1830.60,786.70,142.09,52.21,3
245,3951,1792.27,874.39,142.81,73.29,3
245,3953,36.28,615.30,30.20,32.09,3
246,3952,2263.77,870.39,138.18,57.32,3
246,3949,341.87,547.31,83.22,34.32,3
246,3950,1808.76,783.15,140.77,51.44,3
246,3951,1756.07,868.02,142.45,71.81,3
246,3953,44.62,616.69,31.50,30.20,3
247,3949,341.66,546.51,82.75,34.31,3
247,3950,1785.79,779.14,139.97,50.93,3
247,3951,1720.25,861.94,143.59,71.26,3
247,3953,51.83,618.98,29.15,27.95,3
248,3950,1763.41,776.22,137.79,50.06,3
248,3951,1686.71,855.51,145.33,71.31,3
248,3953,59.04,621.27,26.81,25.70,3
249,3951,1653.79,850.58,143.29,69.33,3
249,3953,66.25,623.56,24.47,23.46,3
249,3952,2177.50,859.33,151.54,60.64,3
249,3949,340.53,546.36,83.25,34.99,3
250,3953,73.46,625.85,22.12,21.21,3
250,3952,2147.83,855.56,156.99,62.11,3
250,3949,340.87,546.13,82.67,34.96,3
250,3950,1720.27,769.44,135.98,49.22,3
251,3952,2122.89,852.96,153.18,59.65,3
251,3949,340.01,545.90,84.08,35.86,3
251,3950,1697.85,766.14,136.21,49.29,3
251,3951,1584.88,839.09,145.58,68.99,3
252,3952,2095.62,851.39,151.66,58.42,3
252,3949,340.65,546.25,80.77,34.44,3
252,3950,1678.17,762.96,133.25,48.07,3
252,3951,1552.90,833.70,147.15,69.42,3
253,3952,2067.93,848.95,151.27,57.69,3
253,3949,340.80,546.30,80.75,34.58,3
253,3950,1657.11,760.01,131.77,47.38,3
253,3951,1519.68,828.65,147.38,69.23,3
254,3952,2045.58,846.94,151.44,57.17,3
254,3949,340.00,545.79,82.29,35.61,3
254,3950,1636.58,756.97,129.25,46.46,3
254,3951,1490.71,824.08,144.82,67.61,3
255,3952,2020.68,844.24,151.39,56.49,3
255,3949,339.05,546.19,80.94,35.26,3
255,3950,1618.37,755.64,127.27,45.62,3
255,3951,1461.60,821.24,141.74,65.66,3
256,3952,1992.64,842.25,154.42,57.54,3
256,3949,335.16,548.23,78.80,34.28,3
256,3950,1599.28,754.84,127.16,45.49,3
256,3951,1432.05,817.17,142.62,65.90,3
257,3952,1970.10,840.93,154.18,57.17,3
257,3949,335.86,550.48,74.96,32.58,3
257,3950,1578.46,754.40,127.63,45.70,3
257,3951,1405.04,814.50,141.28,65.02,3
258,3952,1946.70,841.32,152.56,56.08,3
258,3949,336.51,551.39,74.86,32.55,3
258,3950,1559.99,753.62,126.11,45.03,3
258,3951,1377.01,813.34,137.31,62.67,3
258,3954,185.64,574.28,76.61,33.99,3
259,3952,1920.87,839.92,155.17,56.91,3
259,3949,336.25,553.63,75.82,33.33,3
259,3950,1540.72,752.58,124.56,44.39,3
259,3951,1350.95,812.59,133.36,60.16,3
259,3954,171.97,573.86,78.28,34.77,3
260,3949,333.35,554.96,78.66,34.89,3
260,3950,1519.75,750.29,123.61,44.06,3
260,3951,1321.73,807.93,133.25,59.87,3
260,3954,160.68,572.88,78.55,34.90,3
261,3950,1498.77,748.01,122.67,43.72,3
261,3951,1296.68,806.17,128.66,57.32,3
261,3954,147.19,572.36,75.72,33.58,3
261,3952,1872.81,835.20,153.17,55.55,3
262,3951,1273.39,803.99,120.98,53.12,3
262,3954,133.79,570.33,74.04,32.76,3
262,3952,1846.61,831.37,155.35,56.22,3
262,3949,331.89,554.92,78.29,35.02,3
263,3954,120.90,568.06,72.85,32.11,3
263,3952,1822.34,827.77,153.46,55.43,3
263,3949,334.32,554.57,74.32,32.97,3
264,3954,107.63,564.43,73.44,32.34,3
264,3952,1798.49,825.11,150.90,54.37,3
264,3949,333.90,553.75,75.66,33.52,3
265,3954,95.05,562.46,75.62,33.25,3
265,3952,1776.85,821.93,146.70,52.57,3
265,3949,333.33,552.72,76.49,33.92,3
