1,1224,639.33,588.65,93.90,139.42,3
1,1225,533.38,406.34,65.16,82.05,3
1,1226,802.79,239.02,75.36,44.08,4
1,1227,503.02,206.58,44.15,38.70,3
1,1228,680.50,299.50,49.07,43.24,3
1,1229,1103.50,448.04,109.84,95.16,3
1,1230,277.39,647.97,133.28,113.87,3
1,1231,882.27,208.86,38.69,30.05,3
2,1224,638.33,579.21,92.83,137.83,3
2,1225,529.72,415.44,66.21,83.33,3
2,1226,800.67,240.17,75.56,44.17,4
2,1227,502.06,207.27,44.66,39.15,3
2,1228,680.22,297.03,50.37,44.40,3
2,1229,1105.15,451.66,108.97,94.39,3
2,1230,273.42,668.87,113.76,96.67,3
2,1231,882.78,209.64,39.57,30.74,3
3,1224,638.18,570.16,90.33,134.00,3
3,1225,525.19,422.78,69.45,87.43,3
3,1226,798.94,241.67,76.74,44.89,4
3,1227,501.45,208.39,44.62,39.12,3
3,1228,680.38,295.36,48.78,42.97,3
3,1229,1108.34,455.81,107.07,92.64,3
3,1230,278.59,697.02,81.43,67.66,3
3,1231,882.84,210.32,39.68,30.80,3
4,1225,520.54,432.58,72.85,91.73,3
4,1226,796.77,243.60,78.15,45.77,4
4,1227,500.94,209.33,44.73,39.21,3
4,1228,680.22,292.97,47.86,42.14,3
4,1229,1109.92,458.88,108.94,94.09,3
4,1230,281.05,712.40,63.05,52.39,3
4,1231,883.17,210.93,39.85,30.91,3
4,1232,737.76,155.16,34.13,24.05,3
4,1233,622.96,234.88,22.29,31.93,0
5,1226,796.30,244.90,77.27,45.17,4
5,1227,500.01,210.16,44.91,39.36,3
5,1228,680.35,290.29,47.92,42.22,3
5,1229,1111.74,461.49,111.27,96.06,3
5,1230,283.51,727.78,44.66,37.11,3
5,1231,883.65,211.84,40.26,31.26,3
5,1232,737.88,155.53,34.45,24.28,3
5,1233,622.01,236.40,22.00,31.54,0
5,1224,638.34,549.75,85.50,126.16,3
6,1227,499.42,210.21,45.68,40.07,3
6,1228,680.01,288.74,47.28,41.62,3
6,1229,1113.61,464.37,112.97,97.38,3
6,1230,285.96,743.16,26.28,21.83,3
6,1231,884.87,213.18,39.20,30.41,3
6,1232,737.75,155.65,34.46,24.29,3
6,1233,619.90,237.35,22.06,31.72,0
6,1224,639.42,539.65,83.77,123.23,3
6,1225,509.42,454.22,79.02,100.04,3
7,1228,680.94,286.83,46.34,40.71,3
7,1229,1120.04,468.69,112.18,96.76,3
7,1231,886.12,213.79,38.80,30.15,3
7,1232,738.44,156.59,34.54,24.38,3
7,1233,618.20,237.27,22.26,32.14,0
7,1224,639.35,530.05,81.42,119.39,3
7,1235,760.54,219.90,41.38,35.97,3
7,1225,504.69,464.99,81.45,103.43,3
7,1226,794.49,247.40,76.74,44.86,4
8,1229,1121.65,471.79,114.63,98.65,3
8,1231,886.21,214.41,39.02,30.34,3
8,1232,738.90,157.47,34.21,24.18,3
8,1233,617.00,237.80,21.39,30.99,0
8,1224,639.94,521.44,79.78,116.56,3
8,1235,760.34,220.24,42.13,36.65,3
8,1225,498.41,476.11,85.79,109.41,3
8,1226,792.64,248.48,79.03,46.29,4
8,1227,498.77,212.21,44.60,39.16,3
9,1230,293.33,789.30,-28.88,-24.00,3
9,1231,886.98,214.82,38.94,30.29,3
9,1232,739.51,158.76,33.81,23.91,3
9,1233,615.44,239.32,21.71,31.64,0
9,1224,640.52,513.20,77.22,112.44,3
9,1235,760.48,221.83,42.70,37.20,3
9,1225,494.40,489.18,88.13,112.87,3
9,1226,791.05,249.70,80.63,47.46,4
9,1227,497.70,212.78,44.83,39.41,3
9,1228,680.88,282.68,45.55,39.93,3
10,1231,888.21,215.73,39.35,30.60,3
10,1232,739.72,159.27,33.70,23.85,3
10,1233,614.39,240.45,20.83,30.37,0
10,1224,641.60,506.00,74.58,107.82,3
10,1235,761.51,222.62,42.91,37.44,3
10,1225,486.96,500.42,93.05,120.01,3
10,1226,790.81,250.58,79.82,47.05,4
10,1227,497.18,213.83,45.12,39.77,3
10,1236,535.90,286.83,58.04,53.64,3
10,1228,680.25,280.09,46.46,40.81,3
10,1229,1125.75,479.22,116.09,99.55,3
11,1231,888.75,216.40,39.42,30.65,3
11,1232,739.65,158.89,33.84,23.97,3
11,1233,612.74,241.93,21.28,31.13,0
11,1224,642.53,497.64,72.65,104.38,3
11,1235,761.40,223.36,42.73,37.37,3
11,1225,481.17,513.31,96.12,124.79,3
11,1226,789.91,251.90,79.73,47.03,4
11,1227,496.35,214.27,45.47,40.10,3
11,1236,532.39,291.01,58.98,54.54,3
11,1228,680.09,277.73,45.87,40.33,3
11,1229,1132.85,481.70,117.46,101.75,3
12,1231,889.05,217.05,39.77,30.92,3
12,1232,739.33,158.96,34.00,24.09,3
12,1233,610.84,241.87,21.99,32.30,0
12,1224,642.83,491.49,70.80,100.93,3
12,1235,761.60,223.93,42.84,37.56,3
12,1225,475.27,526.98,98.51,128.96,3
12,1226,788.53,252.78,80.85,47.92,4
12,1227,495.56,215.30,45.26,39.99,3
12,1236,526.77,296.53,61.78,57.25,3
12,1228,679.92,276.02,44.73,39.29,3
12,1229,1137.15,486.21,116.42,100.83,3
13,1231,888.83,217.83,40.18,31.26,3
13,1232,739.16,159.23,34.14,24.14,3
13,1233,608.37,242.54,22.54,33.16,0
13,1224,643.14,483.96,68.89,97.18,3
13,1235,762.23,224.75,41.89,36.78,3
13,1225,469.40,542.12,101.00,133.04,3
13,1226,787.30,254.03,81.86,48.79,4
13,1227,495.63,215.68,45.18,40.02,3
13,1236,522.47,300.99,64.71,60.20,3
13,1228,679.15,273.82,45.01,39.63,3
13,1229,1139.47,488.32,118.82,103.37,3
14,1231,889.19,218.47,40.16,31.24,3
14,1232,738.69,159.49,34.47,24.38,3
14,1233,606.33,243.00,22.62,33.35,0
14,1224,643.20,477.30,68.17,95.17,3
14,1235,762.10,225.65,41.30,36.32,3
14,1225,463.38,557.01,103.26,136.88,3
14,1226,787.41,255.51,81.11,48.39,4
14,1227,494.22,216.28,45.79,40.70,3
14,1236,520.79,306.94,63.38,59.19,3
14,1228,678.37,271.08,45.66,40.33,3
14,1229,1142.11,490.55,120.08,105.09,3
15,1231,890.33,218.98,40.14,31.23,3
15,1232,738.87,159.69,34.57,24.43,3
15,1233,605.01,243.62,22.42,33.07,0
15,1224,643.94,470.52,66.36,91.54,3
15,1235,762.50,226.26,41.10,36.17,3
15,1225,456.77,571.89,106.44,141.68,3
15,1226,786.07,256.38,81.79,49.12,4
15,1227,493.77,216.70,46.14,41.08,3
15,1236,518.83,313.31,63.32,59.44,3
15,1228,678.09,268.90,45.38,40.18,3
15,1229,1144.14,492.70,121.57,107.19,3
16,1231,890.80,219.51,40.01,31.04,3
16,1232,738.84,160.00,35.11,24.78,3
16,1233,603.54,244.06,22.41,33.27,0
16,1224,644.02,463.45,65.34,88.97,3
16,1235,763.53,227.24,41.31,36.33,3
16,1225,449.83,588.89,109.82,147.27,3
16,1226,785.37,257.28,82.08,49.56,4
16,1227,492.88,217.44,46.09,41.18,3
16,1236,515.61,318.87,62.68,58.87,3
16,1228,678.95,267.04,44.22,39.13,3
16,1229,1144.63,493.81,125.31,110.76,3
17,1231,890.75,220.43,40.78,31.66,3
17,1232,738.33,160.27,35.52,25.01,3
17,1233,601.09,244.57,22.36,33.36,0
17,1224,644.29,456.70,64.66,86.64,3
17,1235,763.53,228.62,40.55,35.60,3
17,1225,443.43,604.66,112.99,152.94,3
17,1226,784.87,257.77,82.30,50.02,4
17,1227,492.18,218.38,46.00,41.19,3
17,1236,511.53,323.81,65.29,61.58,3
17,1228,677.94,265.05,44.33,39.27,3
17,1229,1147.95,494.97,127.61,113.42,3
18,1231,890.80,220.45,41.30,32.09,3
18,1232,738.58,160.49,35.49,24.96,3
18,1233,599.26,245.53,22.52,33.79,0
18,1224,644.28,449.71,64.65,85.50,3
18,1235,763.98,229.26,39.81,34.86,3
18,1225,441.35,623.25,107.51,144.47,3
18,1226,784.50,258.69,82.15,50.17,4
18,1227,491.67,219.13,45.81,41.13,3
18,1236,506.97,330.54,66.81,63.44,3
18,1228,677.88,263.08,43.85,38.86,3
18,1229,1151.62,498.26,127.66,114.49,3
19,1231,891.36,221.06,41.61,32.34,3
19,1232,738.83,160.99,35.45,24.92,3
19,1233,597.88,245.60,22.75,34.31,0
19,1224,643.82,444.61,64.04,83.54,3
19,1235,763.82,230.10,40.41,35.40,3
19,1225,441.59,642.55,96.83,127.30,3
19,1226,784.05,260.36,81.52,49.83,4
19,1227,491.98,219.55,45.61,41.11,3
19,1236,504.54,337.34,66.93,63.96,3
19,1228,677.79,261.14,43.66,38.75,3
19,1229,1155.07,502.15,126.17,114.03,3
20,1231,891.45,221.80,41.90,32.51,3
20,1232,739.02,161.50,35.74,25.14,3
20,1233,596.24,247.26,22.26,33.45,0
20,1224,643.10,438.38,63.44,81.52,3
20,1235,764.03,230.53,40.42,35.33,3
20,1225,438.77,661.86,87.67,109.47,3
20,1226,782.71,261.46,82.78,50.97,4
20,1227,490.87,219.56,46.45,41.98,3
20,1236,499.15,343.17,69.91,67.34,3
20,1228,677.89,259.17,43.23,38.38,3
20,1229,1159.46,506.22,126.05,115.07,3
21,1231,891.78,222.66,42.10,32.66,3
21,1232,739.11,162.00,35.37,24.88,3
21,1233,594.65,247.90,22.69,34.03,0
21,1224,643.51,432.95,62.41,78.89,3
21,1235,764.05,231.02,40.55,35.38,3
21,1225,443.33,682.81,74.54,87.77,3
21,1226,782.58,262.45,81.84,50.71,4
21,1227,489.83,219.92,46.80,42.41,3
21,1236,496.55,350.93,69.52,67.02,3
21,1228,677.26,257.73,42.88,37.94,3
21,1229,1164.15,509.60,126.40,116.15,3
22,1231,892.19,223.41,41.82,32.41,3
22,1232,739.21,162.43,35.10,24.70,3
22,1233,592.14,248.82,23.01,34.53,0
22,1224,643.72,427.08,61.96,77.12,3
22,1235,764.60,231.66,40.22,35.05,3
22,1225,444.74,704.20,61.19,64.99,3
22,1226,782.51,263.67,81.67,50.63,4
22,1227,488.80,220.60,46.73,42.41,3
22,1236,491.76,357.79,72.60,70.20,3
22,1228,677.11,255.99,42.70,37.71,3
22,1229,1168.44,512.76,126.59,117.46,3
23,1231,893.48,224.06,42.05,32.62,3
23,1232,739.22,162.82,35.63,25.15,3
23,1233,589.60,249.58,23.38,34.91,0
23,1224,644.24,421.74,61.02,74.89,3
23,1235,763.79,232.24,41.55,36.29,3
23,1225,451.25,728.11,44.30,40.15,3
23,1226,782.53,264.87,81.76,50.70,4
23,1227,488.27,221.42,46.98,42.56,3
23,1236,486.51,364.66,73.24,70.67,3
23,1228,676.94,254.06,42.91,37.84,3
23,1229,1174.37,518.42,123.97,116.38,3
24,1232,739.50,163.17,35.49,25.04,3
24,1233,588.14,250.67,22.81,34.03,0
24,1224,643.70,415.84,60.67,73.58,3
24,1235,763.75,232.90,42.08,36.79,3
24,1225,453.64,746.18,31.82,28.84,3
24,1226,782.23,265.91,81.99,50.88,4
24,1227,487.51,222.09,47.02,42.51,3
24,1236,482.98,372.66,74.35,72.00,3
24,1228,676.90,251.71,43.05,37.90,3
24,1229,1174.23,518.54,128.30,121.63,3
24,1237,1282.10,661.71,79.19,104.23,3
24,1238,670.43,693.88,127.07,71.72,3
25,1233,586.65,251.07,22.47,33.66,0
25,1224,643.44,410.32,60.27,72.25,3
25,1235,764.08,233.62,41.65,36.37,3
25,1225,456.03,764.25,19.33,17.52,3
25,1226,780.98,266.38,83.12,51.90,4
25,1227,486.26,222.74,47.09,42.46,3
25,1236,478.76,380.80,75.03,72.61,3
25,1228,676.53,249.83,43.48,38.25,3
25,1229,1180.80,524.82,126.17,120.21,3
25,1237,1287.84,667.86,74.18,97.73,3
25,1238,658.38,681.66,148.05,84.13,3
25,1239,878.65,191.57,44.28,43.04,4
25,1231,894.71,225.38,41.68,32.39,3
26,1233,585.04,252.34,22.20,33.56,0
26,1235,764.28,234.22,41.88,36.60,3
26,1226,781.58,267.79,81.91,51.11,4
26,1227,485.32,223.50,47.39,42.58,3
26,1236,473.11,389.64,77.07,74.66,3
26,1228,676.53,248.33,43.06,37.73,3
26,1229,1185.21,529.00,125.27,120.21,3
26,1237,1301.48,683.07,60.90,80.38,3
26,1238,644.25,668.00,169.89,97.76,3
26,1239,879.22,191.89,44.19,42.93,4
26,1231,894.49,226.07,42.53,33.09,3
26,1232,739.91,163.82,35.43,25.01,3
27,1235,764.05,234.97,42.35,37.15,3
27,1226,781.60,268.94,81.40,50.68,4
27,1236,467.95,397.34,79.72,77.43,3
27,1228,676.59,246.72,41.24,36.11,3
27,1229,1187.22,529.61,127.14,123.34,3
27,1237,1308.73,691.12,54.05,71.34,3
27,1238,633.73,654.10,186.15,109.05,3
27,1239,880.28,192.44,44.09,42.80,4
27,1231,894.58,226.65,42.74,33.29,3
27,1232,740.33,164.14,35.28,24.88,3
27,1224,642.86,399.97,59.43,69.51,3
28,1226,780.85,269.94,82.12,51.15,4
28,1236,462.80,407.51,80.75,78.46,3
28,1228,676.26,244.47,41.10,35.98,3
28,1229,1191.28,534.56,126.14,123.79,3
28,1237,1315.98,699.17,47.19,62.30,3
28,1238,621.52,640.13,205.77,123.54,3
28,1239,880.50,192.85,44.06,42.69,4
28,1231,895.57,227.45,42.10,32.78,3
28,1232,740.34,164.53,35.50,25.03,3
28,1224,642.55,395.31,58.73,67.79,3
28,1233,580.49,252.72,23.45,35.62,0
28,1227,483.70,225.16,47.96,43.03,3
29,1236,456.51,416.57,84.33,82.22,3
29,1228,676.45,242.45,41.13,35.95,3
29,1229,1197.78,539.08,122.91,122.07,3
29,1237,1323.22,707.23,40.34,53.25,3
29,1238,614.46,629.34,215.95,133.59,3
29,1239,881.23,193.35,44.22,42.74,4
29,1231,895.91,228.13,42.05,32.66,3
29,1232,740.32,165.05,35.80,25.29,3
29,1224,642.19,390.89,58.04,65.99,3
29,1233,578.54,253.96,23.43,35.66,0
29,1227,482.77,226.19,48.33,43.28,3
30,1228,676.72,240.81,39.85,34.77,3
30,1229,1204.57,545.68,121.00,120.93,3
30,1237,1330.47,715.28,33.49,44.21,3
30,1238,610.79,618.10,222.45,142.35,3
30,1239,881.52,193.76,44.57,42.96,4
30,1231,896.68,228.67,42.09,32.56,3
30,1232,740.08,165.19,35.57,25.14,3
30,1224,641.58,385.90,58.03,65.15,3
30,1233,576.94,254.69,23.16,35.32,0
30,1227,482.39,227.18,48.56,43.37,3
30,1226,781.71,272.33,81.41,50.99,4
31,1229,1210.98,549.55,118.64,119.82,3
31,1237,1337.72,723.33,26.64,35.16,3
31,1238,611.98,604.95,217.60,144.47,3
31,1239,882.08,194.68,44.29,42.69,4
31,1231,897.36,229.45,42.24,32.65,3
31,1232,740.03,165.43,35.79,25.36,3
31,1224,641.98,381.28,57.16,63.48,3
31,1233,574.51,255.95,23.53,35.62,0
31,1227,481.63,227.88,48.95,43.70,3
31,1226,781.18,273.26,81.75,51.17,4
31,1235,766.27,238.08,41.26,36.34,3
31,1236,444.50,437.71,89.53,87.40,3
32,1229,1210.36,551.91,123.76,126.04,3
32,1238,618.25,595.83,201.94,139.11,3
32,1239,882.39,195.81,43.86,42.10,4
32,1231,897.99,229.94,42.29,32.67,3
32,1232,740.10,165.80,36.20,25.71,3
32,1224,642.09,376.12,57.06,62.56,3
32,1233,571.99,255.74,23.85,36.04,0
32,1227,481.12,228.40,48.66,43.36,3
32,1226,781.86,274.06,81.26,50.75,4
32,1235,765.52,238.42,41.46,36.43,3
32,1236,439.32,449.58,89.01,87.24,3
32,1228,675.79,237.52,40.39,34.98,3
33,1238,626.25,586.72,185.21,132.33,3
33,1239,883.10,195.93,44.12,42.26,4
33,1231,898.50,230.59,42.53,32.85,3
33,1232,740.11,166.06,36.07,25.65,3
33,1224,641.97,371.66,56.93,61.70,3
33,1233,570.29,256.81,23.43,35.48,0
33,1227,479.73,228.54,49.45,43.98,3
33,1226,781.69,274.81,81.85,51.05,4
33,1235,766.32,239.20,41.42,36.56,3
33,1236,431.52,459.55,93.71,92.42,3
33,1228,675.19,235.52,40.57,35.13,3
34,1238,630.84,575.74,173.01,128.33,3
34,1239,883.67,196.05,44.25,42.34,4
34,1231,898.96,231.05,42.34,32.70,3
34,1232,740.15,166.40,35.95,25.61,3
34,1224,641.37,366.90,56.81,60.86,3
34,1233,568.49,257.17,22.94,35.00,0
34,1227,479.45,228.58,49.71,44.21,3
34,1226,781.65,275.72,82.64,51.50,4
34,1235,766.07,239.72,41.24,36.52,3
34,1236,423.83,471.25,97.55,97.03,3
34,1228,675.14,233.29,40.74,35.32,3
35,1239,883.93,196.89,44.05,42.06,4
35,1231,898.95,230.87,43.58,33.82,3
35,1232,740.35,166.70,35.70,25.44,3
35,1224,640.36,363.01,56.44,59.99,3
35,1233,566.55,257.86,22.97,35.05,0
35,1227,478.77,229.66,49.54,44.03,3
35,1226,781.64,276.57,82.17,51.45,4
35,1235,766.07,240.36,41.45,36.83,3
35,1236,415.80,483.60,101.42,101.69,3
35,1228,675.97,231.97,39.31,34.00,3
36,1239,883.74,196.90,44.00,42.00,4
36,1231,899.71,231.56,42.74,33.17,3
36,1232,740.50,166.90,35.43,25.26,3
36,1224,639.18,357.78,56.69,59.86,3
36,1233,563.99,258.15,23.29,35.55,0
36,1227,477.66,229.69,50.35,44.77,3
36,1226,781.52,276.96,82.71,52.12,4
36,1235,766.39,241.07,41.56,36.97,3
36,1236,408.91,497.53,102.67,103.52,3
36,1228,675.75,230.29,38.95,33.55,3
36,1238,640.09,554.16,145.71,116.22,3
37,1239,884.41,197.82,43.90,41.95,4
37,1231,900.20,232.23,42.62,33.13,3
37,1232,740.82,166.93,35.03,24.91,3
37,1224,639.06,354.08,55.68,58.26,3
37,1233,562.04,258.84,22.83,34.79,0
37,1227,476.71,229.72,50.10,44.52,3
37,1226,781.99,277.91,82.31,51.84,4
37,1235,766.81,241.55,41.35,36.78,3
37,1236,398.82,511.02,107.76,109.41,3
37,1228,676.28,228.59,38.72,33.24,3
37,1241,1173.80,441.30,186.16,68.97,3
37,1238,644.95,544.76,133.92,110.56,3
38,1239,884.99,197.63,44.00,42.10,4
38,1231,900.92,232.69,42.77,33.31,3
38,1232,740.59,167.06,35.13,25.01,3
38,1224,639.73,349.61,55.28,57.55,3
38,1233,560.57,259.62,22.80,34.59,0
38,1227,476.17,230.23,50.12,44.45,3
38,1226,782.05,278.40,82.96,52.25,4
38,1235,767.23,241.82,41.07,36.50,3
38,1236,389.12,523.60,113.19,116.39,3
38,1228,675.55,226.69,38.92,33.28,3
38,1241,1176.72,442.96,183.86,68.24,3
38,1238,647.57,532.58,126.23,107.63,3
39,1239,885.69,197.78,44.16,42.30,4
39,1231,901.23,233.35,42.77,33.34,3
39,1232,740.70,167.29,35.53,25.31,3
39,1224,639.77,345.51,54.82,56.74,3
39,1233,557.30,260.60,23.01,34.70,0
39,1227,475.91,230.76,50.27,44.63,3
39,1226,782.27,279.38,82.73,52.37,4
39,1235,766.70,242.08,42.72,38.02,3
39,1236,378.58,536.90,120.38,125.43,3
39,1228,676.06,224.63,38.77,33.08,3
39,1241,1189.39,452.18,165.58,61.46,3
39,1238,650.52,523.55,117.23,102.99,3
40,1231,901.74,233.83,42.95,33.56,3
40,1232,740.74,167.52,35.57,25.33,3
40,1224,638.62,340.87,55.00,56.82,3
40,1233,554.49,261.26,23.56,35.48,0
40,1227,475.19,230.97,50.11,44.61,3
40,1226,782.26,279.86,83.11,52.67,4
40,1235,766.43,242.50,43.70,38.95,3
40,1236,368.35,551.35,124.75,130.84,3
40,1228,675.76,222.77,38.59,32.86,3
40,1241,1195.07,456.22,157.94,58.63,3
40,1238,652.29,513.98,110.03,99.33,3
41,1231,902.20,233.97,43.07,33.72,3
41,1232,740.99,167.67,35.51,25.28,3
41,1224,638.90,336.63,54.56,56.08,3
41,1233,553.43,262.54,22.70,34.29,0
41,1227,474.35,231.27,50.11,44.74,3
41,1226,782.43,280.66,83.21,52.82,4
41,1235,766.30,242.92,43.98,39.18,3
41,1236,357.38,567.44,129.93,137.78,3
41,1228,675.50,220.77,38.17,32.48,3
41,1241,1202.25,459.10,153.92,56.98,3
41,1238,654.35,504.28,104.99,97.29,3
41,1239,886.81,198.53,44.12,42.43,4
42,1231,903.12,233.94,43.42,34.07,3
42,1232,741.22,167.77,35.37,25.14,3
42,1224,637.90,333.07,54.28,55.56,3
42,1233,551.37,262.18,22.86,34.91,0
42,1227,473.84,231.78,50.18,44.91,3
42,1226,782.98,281.31,82.78,52.55,4
42,1235,766.80,243.18,43.60,38.86,3
42,1236,347.21,584.83,134.43,143.80,3
42,1228,675.39,219.68,37.34,31.86,3
42,1241,1194.81,457.00,172.34,64.27,3
42,1238,657.55,499.08,94.91,89.46,3
42,1239,886.51,199.07,44.38,42.71,4
43,1232,740.67,167.95,35.76,25.40,3
43,1224,638.02,328.88,53.23,54.32,3
43,1227,473.19,232.21,50.09,44.96,3
43,1226,783.50,282.03,82.46,52.32,4
43,1235,767.31,244.09,43.09,38.55,3
43,1236,335.33,599.99,142.72,154.62,3
43,1228,675.63,217.36,37.35,31.90,3
43,1241,1197.67,459.40,171.60,63.99,3
43,1238,658.54,490.59,90.00,86.61,3
43,1239,886.76,199.19,44.40,42.69,4
44,1232,740.57,168.15,36.17,25.67,3
44,1227,472.78,232.72,50.12,45.13,3
44,1226,783.93,283.13,83.27,52.96,4
44,1235,767.46,244.71,43.77,39.22,3
44,1236,332.91,616.27,135.91,148.43,3
44,1228,675.85,215.44,37.77,32.35,3
44,1241,1200.53,461.81,170.86,63.71,3
44,1238,657.61,480.32,89.11,87.78,3
44,1239,887.35,199.46,44.58,42.83,4
44,1231,904.25,234.54,44.13,34.77,3
45,1232,740.58,168.36,36.13,25.60,3
45,1226,784.46,283.94,83.25,53.06,4
45,1235,767.76,245.11,43.95,39.40,3
45,1236,336.06,636.43,122.24,133.75,3
45,1228,675.82,214.08,37.36,31.82,3
45,1241,1203.39,464.21,170.12,63.44,3
45,1238,657.54,471.22,86.10,86.61,3
45,1239,887.60,199.66,44.76,42.99,4
45,1231,904.90,234.80,43.81,34.54,3
45,1233,544.91,263.00,23.81,36.42,0
45,1224,638.30,321.37,52.61,53.43,3
46,1226,784.01,284.69,83.71,53.48,4
46,1235,768.08,244.93,44.42,39.90,3
46,1236,337.72,657.60,105.13,114.21,3
46,1228,675.57,212.51,37.27,31.65,3
46,1241,1206.25,466.61,169.38,63.16,3
46,1238,657.37,461.70,83.79,85.95,3
46,1239,888.11,199.75,44.90,43.06,4
46,1231,905.40,235.10,43.59,34.35,3
46,1233,542.90,263.47,23.95,36.41,0
46,1224,638.71,317.92,51.77,52.45,3
46,1227,471.69,233.84,50.27,45.46,3
47,1235,768.06,245.23,44.78,40.28,3
47,1236,336.92,681.97,86.70,90.09,3
47,1228,676.05,210.99,36.83,31.17,3
47,1241,1209.12,469.01,168.64,62.88,3
47,1238,659.37,454.50,79.05,81.99,3
47,1239,887.95,199.96,45.30,43.34,4
47,1231,905.39,235.74,43.79,34.46,3
47,1233,539.66,263.54,24.98,37.69,0
47,1224,638.33,313.98,51.87,52.49,3
47,1227,471.24,234.11,50.42,45.69,3
47,1232,741.05,168.76,36.65,25.85,3
48,1236,335.29,705.15,67.92,64.36,3
48,1228,675.83,209.44,36.63,30.81,3
48,1241,1211.98,471.42,167.90,62.61,3
48,1238,658.14,446.17,77.81,81.59,3
48,1239,888.97,199.64,45.76,43.83,4
48,1231,906.24,236.27,43.86,34.45,3
48,1233,538.35,264.78,24.85,37.29,0
48,1224,638.77,310.64,51.19,51.69,3
48,1227,470.75,234.65,50.46,45.77,3
48,1232,741.40,168.28,36.94,25.99,3
48,1226,783.88,285.25,84.58,54.42,4
49,1241,1214.84,473.82,167.16,62.33,3
49,1238,657.77,439.43,75.13,79.72,3
49,1239,888.77,199.80,46.57,44.64,4
49,1231,906.75,236.71,43.89,34.38,3
49,1233,536.14,265.31,24.54,36.92,0
49,1224,638.76,307.25,50.79,51.08,3
49,1227,470.34,234.99,50.36,45.75,3
49,1232,741.00,168.16,37.23,26.13,3
49,1242,963.63,247.16,87.17,39.34,7
49,1226,783.83,285.91,84.57,54.59,4
49,1235,769.10,246.54,43.49,39.17,3
50,1238,658.58,433.04,71.75,76.89,3
50,1239,889.32,199.97,46.94,44.97,4
50,1231,907.27,237.14,43.90,34.27,3
50,1233,533.76,266.29,23.77,35.94,0
50,1224,639.22,303.43,50.71,50.94,3
50,1227,469.32,235.38,50.29,45.65,3
50,1232,740.91,168.37,37.32,26.14,3
50,1242,964.28,247.69,87.16,39.32,7
50,1226,784.22,286.70,84.81,54.89,4
50,1235,769.14,247.10,43.43,39.05,3
50,1228,676.19,206.53,36.35,30.61,3
51,1238,658.69,426.17,69.50,75.04,3
51,1239,889.47,200.54,46.99,44.97,4
51,1231,907.51,237.72,44.25,34.35,3
51,1233,531.10,266.61,23.83,36.30,0
51,1224,639.79,300.27,49.84,49.95,3
51,1227,468.40,235.86,50.02,45.35,3
51,1232,740.95,168.65,37.75,26.45,3
51,1242,964.94,248.98,86.44,38.93,7
51,1226,784.16,287.88,84.89,55.09,4
51,1235,769.22,247.93,42.84,38.56,3
51,1228,676.28,205.92,35.74,29.85,3
52,1238,659.24,420.13,67.25,72.80,3
52,1239,889.60,200.84,46.96,44.92,4
52,1231,907.55,238.37,44.83,34.71,3
52,1233,529.47,267.45,23.64,36.15,0
52,1224,639.76,296.71,49.88,49.90,3
52,1227,467.19,235.98,50.93,46.15,3
52,1232,740.92,168.77,37.35,26.20,3
52,1242,967.61,249.90,86.20,38.73,7
52,1226,782.93,288.05,86.75,56.35,4
52,1235,769.54,248.70,42.92,38.67,3
52,1228,676.55,204.64,35.71,29.63,3
53,1238,659.40,414.22,64.79,70.27,3
53,1239,890.06,201.27,47.44,45.37,4
53,1231,907.73,238.99,46.03,35.53,3
53,1233,527.95,268.90,23.22,35.38,0
53,1224,639.99,293.74,49.95,49.83,3
53,1227,466.96,236.92,50.62,45.78,3
53,1232,740.55,169.14,37.80,26.50,3
53,1242,967.83,250.43,87.21,39.14,7
53,1226,782.60,289.06,86.75,56.35,4
53,1235,769.80,249.27,43.10,38.80,3
53,1228,676.81,203.26,35.56,29.33,3
54,1238,659.02,408.68,63.37,68.82,3
54,1239,890.06,201.57,47.64,45.59,4
54,1231,907.61,239.52,46.55,35.84,3
54,1233,526.10,270.25,23.39,35.64,0
54,1224,640.63,290.64,48.91,48.56,3
54,1227,465.70,237.32,51.05,46.12,3
54,1232,740.85,169.44,37.79,26.49,3
54,1242,966.59,250.90,87.95,39.37,7
54,1226,783.02,290.60,85.65,55.55,4
54,1235,769.90,250.08,42.39,38.08,3
54,1228,676.59,201.26,36.38,29.90,3
55,1238,658.36,403.38,61.90,67.16,3
55,1239,890.45,202.11,47.84,45.84,4
55,1231,908.31,240.41,46.79,35.94,3
55,1233,523.63,270.37,24.16,36.60,0
55,1224,640.66,287.37,48.80,48.30,3
55,1227,464.27,237.95,51.37,46.36,3
55,1232,741.14,169.66,37.75,26.47,3
55,1242,967.31,251.38,88.13,39.45,7
55,1226,783.32,291.86,85.77,55.54,4
55,1235,769.08,250.53,43.53,39.11,3
55,1228,676.33,199.86,36.70,30.08,3
56,1238,658.44,398.19,60.14,65.27,3
56,1239,890.55,202.52,47.79,45.95,4
56,1231,907.81,240.42,47.39,36.32,3
56,1233,520.66,270.65,24.71,37.44,0
56,1224,641.79,284.87,47.53,46.99,3
56,1227,463.77,238.39,51.54,46.52,3
56,1232,741.20,169.73,37.53,26.24,3
56,1242,967.86,251.05,89.03,39.87,7
56,1226,783.38,292.83,86.16,55.73,4
56,1235,769.14,250.94,43.67,39.16,3
56,1228,675.41,198.37,37.17,30.33,3
57,1238,659.02,393.18,58.65,63.53,3
57,1239,891.97,203.23,46.99,45.27,4
57,1231,908.38,241.34,47.00,35.96,3
57,1233,518.22,270.98,24.04,36.68,0
57,1224,642.15,281.88,47.32,46.75,3
57,1227,463.55,238.72,51.45,46.43,3
57,1232,741.20,170.12,37.80,26.48,3
57,1242,968.46,252.40,87.97,39.36,7
57,1226,783.05,293.62,86.51,55.81,4
57,1235,769.54,251.32,43.72,39.19,3
57,1228,674.68,197.29,38.05,30.91,3
58,1238,658.34,387.23,57.74,62.19,3
58,1239,892.63,203.62,46.41,44.82,4
58,1231,907.97,241.20,47.64,36.44,3
58,1233,516.31,271.23,24.14,37.15,0
58,1224,641.79,279.51,46.78,45.96,3
58,1227,463.19,239.31,51.64,46.62,3
58,1232,740.83,170.42,37.46,26.29,3
58,1242,969.15,253.54,87.45,39.07,7
58,1226,782.64,294.67,86.81,55.94,4
58,1235,769.81,251.80,43.87,39.35,3
58,1228,674.01,195.92,37.75,30.71,3
59,1238,657.64,382.13,56.99,61.20,3
59,1239,893.13,204.20,46.66,45.18,4
59,1231,908.66,241.60,47.77,36.60,3
59,1233,514.37,271.82,24.04,37.33,0
59,1224,642.79,276.98,46.24,45.34,3
59,1227,462.61,240.06,51.94,46.93,3
59,1232,741.15,171.09,37.05,25.96,3
59,1242,970.18,254.57,87.08,38.79,7
59,1226,780.94,295.44,88.28,56.94,4
59,1235,770.06,252.71,44.08,39.40,3
59,1228,674.44,195.00,36.27,29.56,3
60,1238,656.52,376.68,56.52,60.57,3
60,1239,892.84,204.56,47.14,45.71,4
60,1231,910.10,242.25,47.67,36.48,3
60,1233,512.40,272.59,23.52,36.80,0
60,1224,642.15,273.74,47.06,46.07,3
60,1227,461.71,240.87,51.76,46.71,3
60,1232,741.18,170.99,37.22,26.09,3
60,1242,970.64,255.03,87.98,39.14,7
60,1226,780.39,296.38,88.73,57.36,4
60,1235,770.43,253.68,43.26,38.56,3
60,1228,674.45,193.34,36.56,29.87,3
61,1238,657.00,371.83,55.34,59.05,3
61,1239,893.32,204.69,47.50,46.09,4
61,1231,910.36,242.85,47.74,36.56,3
61,1233,510.02,274.37,23.50,36.86,0
61,1224,642.05,271.25,46.28,45.06,3
61,1227,461.02,241.63,51.49,46.37,3
61,1232,741.60,171.80,36.76,25.82,3
61,1242,970.52,254.91,89.78,39.97,7
61,1226,779.61,297.46,88.78,57.36,4
61,1235,769.56,254.00,44.33,39.54,3
61,1228,674.11,193.07,36.43,29.88,3
61,1241,1199.06,486.29,199.45,81.74,3
62,1238,657.24,366.98,54.74,58.18,3
62,1239,893.72,204.86,47.51,46.14,4
62,1231,910.64,243.43,47.78,36.60,3
62,1233,507.72,274.90,24.12,37.80,0
62,1224,642.48,268.61,46.31,45.06,3
62,1227,460.14,242.38,52.02,46.74,3
62,1232,741.80,172.34,36.34,25.51,3
62,1242,971.00,255.82,89.51,39.88,7
62,1226,776.82,298.38,90.35,58.26,4
62,1235,769.56,254.97,44.22,39.41,3
62,1228,673.32,191.87,36.63,30.07,3
62,1241,1205.09,488.50,189.74,83.85,3
63,1238,656.81,362.83,53.89,57.04,3
63,1239,894.04,205.98,47.28,45.91,4
63,1231,910.63,243.96,47.51,36.41,3
63,1233,504.81,276.60,23.96,37.45,0
63,1224,643.02,266.29,46.38,45.07,3
63,1227,459.58,242.88,51.94,46.50,3
63,1232,741.82,172.84,36.53,25.63,3
63,1242,971.00,256.31,90.16,40.13,7
63,1226,775.59,299.72,91.41,58.88,4
63,1235,769.90,255.78,44.39,39.61,3
63,1228,673.32,191.26,35.66,29.27,3
63,1241,1215.26,494.96,171.58,80.16,3
64,1238,657.59,358.62,52.64,55.58,3
64,1239,894.07,206.89,47.30,45.89,4
64,1231,911.58,245.26,47.03,36.12,3
64,1233,503.07,277.45,23.99,37.50,0
64,1224,643.54,263.84,45.53,43.99,3
64,1227,458.49,243.56,51.98,46.49,3
64,1232,741.00,172.69,37.05,26.09,3
64,1242,971.90,256.93,90.14,40.15,7
64,1226,775.18,300.56,91.28,58.64,4
64,1235,770.01,256.50,43.72,38.89,3
64,1228,673.73,190.54,34.79,28.49,3
64,1241,1220.42,497.73,164.89,81.17,3
64,1243,604.39,180.10,34.40,32.21,3
65,1238,657.55,354.71,51.51,53.97,3
65,1239,893.97,207.73,47.03,45.61,4
65,1231,911.88,245.71,47.15,36.26,3
65,1233,500.78,277.02,24.69,38.85,0
65,1224,644.04,261.07,45.07,43.36,3
65,1227,457.57,244.36,52.30,46.79,3
65,1232,741.02,173.09,37.70,26.65,3
65,1242,973.08,258.85,89.58,39.89,7
65,1226,775.16,301.82,91.19,58.72,4
65,1235,770.43,257.54,43.84,39.01,3
65,1228,673.26,189.92,34.45,28.06,3
65,1241,1224.81,501.86,158.09,81.13,3
65,1243,604.06,182.37,35.22,32.98,3
66,1238,658.21,349.72,51.50,53.74,3
66,1239,895.17,207.70,47.51,46.03,4
66,1231,913.37,246.56,47.37,36.40,3
66,1233,499.63,278.43,24.37,38.65,0
66,1224,645.30,259.10,44.74,42.97,3
66,1227,458.07,245.66,52.89,47.27,3
66,1232,741.72,173.52,37.88,26.77,3
66,1242,974.58,260.05,88.59,39.36,7
66,1226,774.78,302.77,91.47,58.79,4
66,1235,770.43,258.10,44.78,39.74,3
66,1228,673.43,189.60,34.27,27.74,3
66,1241,1230.92,503.59,150.65,80.67,3
66,1243,603.85,184.44,35.31,33.07,3
67,1238,657.77,345.17,53.25,55.57,3
67,1239,897.03,208.71,47.47,45.99,4
67,1231,914.73,247.51,47.57,36.61,3
67,1233,495.84,275.16,26.74,43.11,0
67,1224,646.16,256.51,44.48,42.60,3
67,1227,458.09,246.47,53.00,47.34,3
67,1232,742.07,173.70,37.85,26.71,3
67,1242,975.44,260.29,90.12,40.05,7
67,1226,774.79,303.70,92.11,59.22,4
67,1235,771.02,258.47,45.32,40.09,3
67,1228,673.38,188.25,35.51,28.55,3
67,1241,1237.56,507.65,142.39,79.29,3
67,1243,603.83,186.84,35.84,33.56,3
68,1238,657.95,341.40,51.58,53.68,3
68,1231,915.91,248.51,48.02,37.03,3
68,1233,494.51,278.50,24.90,40.38,0
68,1224,646.74,253.85,44.29,42.28,3
68,1227,457.26,247.14,53.43,47.62,3
68,1232,742.63,174.09,37.71,26.52,3
68,1242,976.44,260.73,90.81,40.21,7
68,1226,775.78,305.49,90.61,58.28,4
68,1235,771.06,258.99,46.11,40.70,3
68,1228,673.63,186.96,35.98,28.81,3
68,1241,1238.58,510.02,143.03,79.64,3
68,1243,603.72,189.04,36.32,33.95,3
69,1238,657.87,337.73,50.37,51.94,3
69,1231,916.75,249.19,48.02,37.07,3
69,1233,493.45,281.20,23.68,38.44,0
69,1224,647.29,251.53,44.38,42.45,3
69,1227,456.58,247.66,53.47,47.57,3
69,1232,742.98,174.36,37.99,26.64,3
69,1242,977.98,261.18,90.89,40.17,7
69,1226,776.33,307.03,89.70,57.68,4
69,1235,770.93,259.53,45.82,40.38,3
69,1228,673.86,185.77,36.24,28.89,3
69,1241,1241.29,510.15,140.65,81.75,3
69,1243,603.01,190.76,36.71,34.28,3
69,1239,896.98,209.55,48.65,47.20,4
70,1238,658.06,333.43,49.46,50.68,3
70,1231,917.28,249.65,47.82,36.93,3
70,1233,491.85,281.72,23.82,38.85,0
70,1224,647.60,249.40,44.01,42.24,3
70,1227,456.58,248.12,53.05,47.12,3
70,1232,742.64,174.62,37.88,26.53,3
70,1242,980.09,263.82,88.03,38.68,7
70,1226,775.17,308.11,90.70,58.45,4
70,1235,770.87,260.40,45.99,40.51,3
70,1228,673.65,184.58,36.53,28.93,3
70,1241,1244.71,511.38,137.43,83.24,3
70,1243,602.22,192.79,36.87,34.39,3
70,1239,897.43,209.92,48.78,47.37,4
71,1238,658.27,329.52,48.98,49.87,3
71,1231,917.32,250.05,48.90,37.80,3
71,1233,489.96,284.26,23.30,37.87,0
71,1224,648.90,247.58,42.79,41.12,3
71,1227,455.94,248.80,53.51,47.52,3
71,1232,742.78,174.97,38.20,26.71,3
71,1242,979.83,263.69,90.57,39.92,7
71,1226,774.42,309.40,91.21,58.90,4
71,1235,771.45,261.44,46.57,40.99,3
71,1228,673.93,183.80,36.35,28.61,3
71,1241,1245.59,512.04,135.37,85.13,3
71,1243,600.30,194.93,37.76,35.20,3
71,1239,897.65,210.44,48.85,47.45,4
72,1238,658.50,326.09,48.41,49.07,3
72,1231,917.21,250.91,48.52,37.49,3
72,1233,487.72,287.15,22.49,36.17,0
72,1224,649.19,245.61,42.51,40.77,3
72,1227,454.76,249.17,53.71,47.65,3
72,1232,742.58,175.35,38.70,27.04,3
72,1242,979.13,264.19,92.41,40.76,7
72,1226,773.15,310.92,91.90,59.48,4
72,1235,771.83,262.08,46.16,40.56,3
72,1228,674.33,183.01,36.49,28.49,3
72,1241,1249.67,515.75,129.98,84.73,3
72,1243,599.27,197.37,38.07,35.43,3
72,1239,898.35,210.77,48.66,47.22,4
73,1238,658.55,322.12,48.23,48.77,3
73,1231,918.23,251.57,48.35,37.39,3
73,1233,485.91,288.34,22.04,35.22,0
73,1224,649.28,243.65,42.78,40.98,3
73,1227,454.60,249.60,53.14,47.10,3
73,1232,742.54,175.55,38.44,26.87,3
73,1242,980.08,264.82,93.06,41.05,7
73,1226,771.72,311.61,92.75,60.19,4
73,1235,771.94,263.10,46.99,41.30,3
73,1228,674.62,182.29,36.64,28.34,3
73,1241,1251.84,518.99,129.31,87.64,3
73,1243,597.89,199.87,38.47,35.80,3
73,1239,899.25,211.22,48.19,46.83,4
74,1238,658.97,318.48,47.21,47.34,3
74,1231,919.22,252.34,48.58,37.64,3
74,1233,483.93,287.88,22.89,36.71,0
74,1224,649.85,241.59,42.67,40.87,3
74,1227,454.27,250.33,53.63,47.57,3
74,1232,743.31,176.25,38.40,26.77,3
74,1242,980.69,265.44,94.45,41.69,7
74,1226,771.26,312.35,93.10,60.54,4
74,1235,772.85,263.68,46.84,41.11,3
74,1228,675.28,181.74,35.55,27.27,3
74,1241,1258.08,523.50,122.07,85.78,3
74,1243,597.90,201.63,38.70,36.10,3
74,1239,900.21,211.73,48.10,46.79,4
75,1238,660.50,314.77,47.57,47.35,3
75,1231,922.18,253.10,48.30,37.44,3
75,1233,483.43,287.55,22.84,36.72,0
75,1224,652.38,240.11,41.96,40.01,3
75,1227,456.90,250.77,53.16,47.07,3
75,1232,745.85,176.60,38.35,26.65,3
75,1242,984.76,266.93,93.95,41.46,7
75,1226,771.47,313.40,95.23,62.24,4
75,1235,775.83,264.58,46.25,40.60,3
75,1228,677.01,181.21,34.93,26.68,3
75,1241,1261.09,527.11,120.30,88.08,3
75,1243,598.53,203.85,38.98,36.34,3
75,1239,902.13,212.61,47.98,46.44,4
76,1238,662.56,310.93,47.02,46.46,3
76,1231,925.41,254.28,48.66,37.69,3
76,1233,484.07,288.37,23.23,37.79,0
76,1224,655.67,238.64,41.18,39.18,3
76,1227,458.66,251.87,53.34,47.18,3
76,1232,748.47,177.21,38.66,26.90,3
76,1242,988.12,268.05,93.86,41.42,7
76,1226,773.79,315.77,94.67,62.07,4
76,1235,778.74,266.31,45.69,40.01,3
76,1228,680.49,180.80,34.82,26.55,3
76,1241,1266.98,529.54,113.54,86.60,3
76,1243,600.22,206.23,39.31,36.55,3
76,1239,905.94,212.92,49.18,47.64,4
77,1238,663.51,307.30,46.93,46.28,3
77,1231,927.11,254.52,49.22,38.17,3
77,1233,484.35,289.67,22.63,36.96,0
77,1224,657.91,236.51,41.21,39.16,3
77,1227,459.08,252.86,53.82,47.57,3
77,1232,749.91,177.46,38.67,26.95,3
77,1242,989.46,269.00,94.46,41.74,7
77,1226,774.70,317.58,93.82,61.63,4
77,1235,780.84,267.23,45.43,39.76,3
77,1228,681.71,180.09,35.14,26.75,3
77,1241,1273.09,532.17,108.67,86.69,3
77,1243,601.04,208.93,39.50,36.79,3
77,1239,908.20,214.11,49.11,47.65,4
78,1238,664.32,303.79,46.95,46.24,3
78,1231,928.31,255.26,49.41,38.37,3
78,1233,483.59,294.47,21.38,34.94,0
78,1224,658.33,234.77,41.15,38.87,3
78,1227,458.99,253.37,54.42,48.04,3
78,1232,750.33,177.73,38.93,27.20,3
78,1242,989.31,268.87,95.23,42.08,7
78,1226,772.81,318.81,95.24,62.80,4
78,1235,780.35,267.98,46.43,40.71,3
78,1228,682.20,179.28,35.56,27.03,3
78,1241,1279.40,538.53,100.33,83.29,3
78,1243,600.56,211.35,39.83,36.99,3
78,1239,909.42,215.10,49.30,47.87,4
79,1238,664.56,301.22,45.51,44.49,3
79,1231,928.83,256.00,49.40,38.40,3
79,1233,480.28,294.39,22.23,36.24,0
79,1224,658.56,233.25,40.80,38.29,3
79,1227,458.22,254.19,54.91,48.51,3
79,1232,751.28,178.06,38.83,27.21,3
79,1242,990.52,270.09,94.81,41.98,7
79,1226,771.15,320.05,95.73,63.23,4
79,1235,780.50,268.60,46.93,41.19,3
79,1228,683.21,178.58,35.14,26.63,3
79,1241,1283.19,542.83,94.16,81.13,3
79,1243,599.48,213.36,40.64,37.85,3
79,1239,910.24,215.78,49.31,47.83,4
80,1238,664.45,297.59,45.53,44.43,3
80,1231,929.76,257.51,49.12,38.14,3
80,1233,478.63,296.23,21.74,35.07,0
80,1224,658.52,231.25,41.09,38.49,3
80,1227,457.70,255.10,54.87,48.49,3
80,1232,751.19,178.60,39.03,27.47,3
80,1242,990.94,270.18,96.58,42.96,7
80,1226,771.07,320.99,94.95,62.75,4
80,1235,780.29,269.02,47.60,41.94,3
80,1228,683.31,177.46,34.93,26.45,3
80,1241,1284.70,544.62,94.09,84.62,3
80,1243,597.77,216.85,40.79,38.04,3
80,1239,909.60,216.06,50.04,48.52,4
81,1238,664.28,294.83,44.94,43.72,3
81,1231,930.24,258.47,48.80,37.93,3
81,1233,476.71,298.37,21.41,34.25,0
81,1224,658.99,229.66,39.67,37.06,3
81,1227,457.17,255.95,55.40,48.95,3
81,1232,751.49,179.12,38.75,27.32,3
81,1242,990.53,270.87,97.13,43.34,7
81,1226,768.87,322.81,96.01,63.60,4
81,1235,780.82,270.26,47.20,41.58,3
81,1228,683.16,176.64,34.91,26.41,3
81,1241,1285.15,544.38,94.45,88.79,3
81,1243,597.47,219.45,40.85,38.17,3
81,1239,909.85,216.56,50.39,48.84,4
82,1238,664.18,291.28,45.33,44.04,3
82,1231,930.84,258.70,48.95,38.07,3
82,1233,472.79,297.66,22.39,35.85,0
82,1224,659.68,228.00,39.85,37.14,3
82,1227,455.60,256.33,56.28,49.75,3
82,1232,751.24,179.56,38.47,27.12,3
82,1242,993.89,272.87,94.92,42.38,7
82,1226,766.59,324.24,97.91,65.18,4
82,1235,780.84,271.21,47.22,41.66,3
82,1228,682.81,175.79,35.30,26.72,3
82,1241,1284.22,544.56,98.22,96.83,3
82,1243,596.16,222.24,41.55,38.92,3
82,1239,911.04,217.59,49.91,48.30,4
83,1238,664.14,288.80,44.70,43.36,3
83,1231,930.86,259.20,49.43,38.49,3
83,1233,470.03,298.85,21.88,34.95,0
83,1224,659.33,226.61,39.97,37.18,3
83,1227,454.87,256.84,56.62,50.17,3
83,1232,751.25,180.05,39.07,27.52,3
83,1242,997.51,274.50,91.27,40.54,7
83,1226,764.16,325.61,100.26,67.11,4
83,1235,781.65,272.08,46.79,41.36,3
83,1228,682.89,175.23,35.07,26.58,3
83,1241,1286.81,545.57,96.51,100.09,3
83,1243,594.52,225.01,42.07,39.42,3
83,1239,911.24,217.22,51.27,49.66,4
84,1238,664.79,286.28,43.38,41.85,3
84,1233,467.93,301.76,21.32,33.94,0
84,1224,659.12,225.34,40.23,37.45,3
84,1227,454.64,257.97,56.38,50.00,3
84,1232,751.21,180.51,39.43,27.78,3
84,1242,997.74,275.19,93.00,41.23,7
84,1226,763.02,326.76,100.79,67.74,4
84,1235,781.42,272.17,47.25,41.83,3
84,1228,683.07,174.66,34.84,26.45,3
84,1241,1287.57,547.79,98.08,101.72,3
84,1243,593.72,228.05,42.05,39.36,3
84,1239,911.99,218.53,50.20,48.49,4
85,1238,664.59,282.93,44.01,42.39,3
85,1233,463.81,300.33,23.36,37.27,0
85,1224,659.49,223.46,39.78,37.13,3
85,1232,751.28,180.99,39.41,27.76,3
85,1242,999.00,275.67,91.14,40.24,7
85,1226,760.95,326.87,101.67,68.29,4
85,1235,782.09,272.97,46.74,41.44,3
85,1228,683.03,174.06,34.59,26.28,3
85,1241,1288.32,550.01,99.66,103.36,3
85,1243,592.48,230.86,43.67,40.96,3
85,1239,912.12,218.71,50.02,48.25,4
85,1231,931.66,260.74,49.61,38.77,3
86,1238,664.46,279.48,43.82,42.08,3
86,1233,461.57,300.07,23.64,37.81,0
86,1232,751.10,181.67,39.44,27.81,3
86,1242,997.44,275.65,94.08,41.48,7
86,1226,759.86,329.68,101.25,68.23,4
86,1235,782.64,273.49,47.16,41.95,3
86,1228,684.15,173.31,33.32,25.31,3
86,1241,1289.07,552.22,101.23,104.99,3
86,1243,590.48,233.27,44.66,41.89,3
86,1239,912.46,219.74,49.79,47.92,4
86,1231,931.93,261.31,49.21,38.45,3
86,1227,452.74,258.69,56.78,50.52,3
87,1233,460.05,303.32,22.42,35.63,0
87,1232,751.49,182.19,39.41,27.76,3
87,1242,996.34,276.16,97.16,42.83,7
87,1226,758.29,331.01,101.33,68.45,4
87,1235,782.81,275.02,46.45,41.30,3
87,1228,684.48,172.77,33.07,25.12,3
87,1241,1289.82,554.44,102.80,106.63,3
87,1243,589.32,237.06,44.69,41.82,3
87,1239,912.71,220.06,49.93,48.04,4
87,1231,932.51,262.36,50.01,38.96,3
87,1227,451.45,259.74,57.48,51.28,3
88,1232,751.49,181.99,39.89,28.12,3
88,1242,997.24,277.27,98.24,43.27,7
88,1226,754.49,331.89,103.88,70.09,4
88,1235,781.98,275.93,47.36,42.26,3
88,1228,684.42,172.24,33.34,25.29,3
88,1241,1290.58,556.66,104.37,108.26,3
88,1243,586.93,239.87,45.92,42.92,3
88,1239,912.69,220.56,50.63,48.73,4
88,1231,933.07,262.74,50.97,39.66,3
88,1227,450.21,260.71,57.62,51.55,3
88,1238,664.75,274.48,42.65,40.53,3
89,1242,996.76,277.38,99.68,43.92,7
89,1226,752.66,334.42,102.60,69.09,4
89,1235,782.19,276.77,47.46,42.41,3
89,1228,684.44,171.73,33.41,25.33,3
89,1241,1291.33,558.87,105.95,109.90,3
89,1243,585.46,243.41,46.52,43.40,3
89,1239,912.89,221.18,51.37,49.47,4
89,1231,933.31,263.41,51.35,39.95,3
89,1227,450.18,261.38,56.86,50.97,3
89,1238,664.50,271.31,42.67,40.46,3
89,1233,454.51,304.85,24.20,37.69,0
90,1226,749.57,335.94,103.59,69.96,4
90,1235,781.91,277.71,48.17,43.19,3
90,1228,684.69,171.17,33.14,25.15,3
90,1241,1292.08,561.09,107.52,111.53,3
90,1243,583.76,246.86,47.21,44.00,3
90,1239,912.88,221.24,52.08,50.22,4
90,1231,933.37,264.20,52.03,40.43,3
90,1227,449.25,262.41,57.48,51.63,3
90,1238,664.94,269.25,42.16,39.81,3
90,1233,452.15,305.05,24.62,38.24,0
90,1232,751.13,182.56,39.91,28.14,3
91,1235,782.41,279.09,47.35,42.46,3
91,1228,684.42,170.39,33.20,25.18,3
91,1241,1292.84,563.31,109.09,113.17,3
91,1243,582.58,250.31,48.41,45.06,3
91,1239,912.56,221.94,52.48,50.60,4
91,1231,934.22,265.14,51.86,40.33,3
91,1227,448.83,263.27,56.95,51.18,3
91,1238,665.04,267.17,41.20,38.69,3
91,1233,449.40,304.99,25.14,39.48,0
91,1232,751.68,182.69,39.88,28.11,3
91,1224,661.34,214.97,36.14,33.58,3
91,1242,998.26,279.31,100.77,44.72,7
92,1228,684.63,169.43,33.35,25.33,3
92,1241,1293.59,565.52,110.66,114.80,3
92,1243,580.77,254.39,48.87,45.58,3
92,1239,912.91,222.64,52.26,50.31,4
92,1231,935.04,266.39,51.24,39.80,3
92,1227,448.73,264.06,56.81,51.24,3
92,1238,665.02,264.38,41.51,38.73,3
92,1233,448.75,308.29,22.91,36.36,0
92,1232,751.73,183.70,39.57,27.89,3
92,1224,660.52,212.95,36.75,34.18,3
92,1242,1000.23,281.13,98.86,43.94,7
92,1226,745.85,339.93,104.71,71.18,4
93,1241,1294.34,567.74,112.23,116.44,3
93,1243,578.89,257.67,49.33,46.12,3
93,1239,913.59,223.11,52.15,50.18,4
93,1231,935.82,267.25,51.34,39.84,3
93,1227,448.22,264.74,56.66,51.26,3
93,1238,665.42,261.49,41.69,38.76,3
93,1233,445.05,308.19,23.95,38.62,0
93,1232,751.91,184.30,39.59,27.88,3
93,1224,661.16,211.60,36.03,33.35,3
93,1242,1000.72,282.22,98.74,43.86,7
93,1226,744.03,342.08,104.06,70.65,4
93,1235,782.99,279.93,47.61,42.74,3
94,1239,914.66,224.32,51.33,49.36,4
94,1231,935.72,267.67,52.37,40.66,3
94,1227,447.04,265.55,56.98,51.61,3
94,1238,666.06,259.78,41.01,37.92,3
94,1233,442.63,309.05,24.20,39.02,0
94,1232,751.82,184.74,39.46,27.80,3
94,1224,661.59,210.62,35.77,32.88,3
94,1242,1004.27,284.32,95.14,42.25,7
94,1226,742.90,344.64,102.56,69.83,4
94,1235,783.08,281.07,47.95,43.12,3
94,1228,684.85,167.82,32.82,24.95,3
95,1231,936.47,268.16,52.50,40.87,3
95,1227,447.30,266.29,56.74,51.50,3
95,1238,666.77,257.82,41.16,37.84,3
95,1233,440.21,309.90,24.45,39.43,0
95,1232,752.30,185.15,39.29,27.66,3
95,1224,660.96,209.89,35.98,33.01,3
95,1242,1003.97,285.08,96.36,42.77,7
95,1226,740.58,346.92,102.30,69.81,4
95,1235,782.67,281.84,48.07,43.41,3
95,1228,684.90,167.72,32.47,24.58,3
95,1243,575.09,266.51,50.56,47.38,3
96,1231,936.59,268.97,53.17,41.52,3
96,1227,446.10,266.69,57.24,52.02,3
96,1238,666.97,255.29,40.92,37.40,3
96,1233,436.74,305.86,27.37,45.06,0
96,1232,751.96,185.25,40.04,28.26,3
96,1224,660.95,208.74,36.29,33.23,3
96,1242,1002.90,285.02,99.53,44.27,7
96,1226,739.34,349.55,100.62,68.66,4
96,1235,783.32,282.13,48.52,43.95,3
96,1228,685.20,168.05,32.02,24.15,3
96,1243,573.99,270.33,51.68,48.49,3
96,1239,915.62,225.65,51.85,50.02,4
97,1231,937.41,270.39,51.71,40.18,3
97,1227,445.58,267.56,57.83,52.65,3
97,1238,667.73,252.63,40.65,37.02,3
97,1233,433.50,307.73,26.69,44.27,0
97,1232,752.17,185.53,39.92,28.18,3
97,1224,660.82,207.63,36.22,33.04,3
97,1242,1003.67,285.58,100.77,44.99,7
97,1226,734.66,351.68,103.00,70.44,4
97,1235,784.32,283.40,48.14,43.51,3
97,1228,685.31,166.99,32.14,24.18,3
97,1243,572.52,274.98,52.43,48.88,3
97,1239,916.24,226.57,51.74,49.95,4
98,1231,937.50,271.22,52.41,40.59,3
98,1227,444.74,268.71,58.25,53.18,3
98,1238,668.40,250.82,39.09,35.43,3
98,1233,432.09,309.53,25.86,43.26,0
98,1232,752.29,186.02,39.97,28.22,3
98,1224,661.52,206.48,35.29,32.05,3
98,1242,1005.17,286.41,100.53,45.10,7
98,1226,731.20,354.07,103.37,70.94,4
98,1235,784.40,284.90,48.19,43.61,3
98,1228,686.28,166.88,31.66,23.83,3
98,1243,569.99,278.93,53.46,49.91,3
98,1239,917.03,227.20,51.47,49.68,4
99,1231,938.49,271.95,52.84,40.89,3
99,1227,442.81,269.60,58.80,53.77,3
99,1238,668.19,248.12,39.95,36.05,3
99,1233,430.63,312.05,25.12,42.27,0
99,1232,752.19,186.50,39.93,28.24,3
99,1224,661.25,204.70,35.30,32.02,3
99,1242,1006.35,287.41,99.60,44.74,7
99,1226,729.05,357.33,102.40,70.32,4
99,1235,784.18,285.74,48.93,44.39,3
99,1228,686.96,166.46,31.06,23.40,3
99,1243,567.43,283.62,54.83,51.16,3
99,1239,917.97,227.38,51.70,49.96,4
100,1231,939.37,272.63,52.89,40.87,3
100,1227,442.58,270.41,58.28,53.29,3
100,1238,668.64,246.44,39.58,35.56,3
100,1233,427.38,312.43,25.70,43.41,0
100,1232,752.69,187.18,39.38,27.81,3
100,1224,660.54,203.34,35.82,32.41,3
100,1242,1008.42,289.25,97.35,43.60,7
100,1226,723.84,358.36,106.23,73.05,4
100,1235,784.83,286.77,48.43,44.03,3
100,1228,687.29,165.62,31.01,23.38,3
100,1243,564.87,288.45,55.79,52.15,3
100,1239,917.61,228.01,52.15,50.39,4
101,1227,442.01,271.59,58.49,53.55,3
101,1238,669.96,244.29,38.86,34.80,3
101,1233,424.88,313.20,26.01,43.92,0
101,1232,752.87,187.70,39.27,27.73,3
101,1224,661.32,202.38,35.18,31.62,3
101,1242,1009.14,291.08,95.73,42.69,7
101,1226,720.81,361.15,106.29,73.23,4
101,1235,785.39,287.66,48.38,44.03,3
101,1228,687.71,164.88,30.52,23.01,3
101,1243,562.14,293.75,56.67,53.24,3
101,1239,917.94,228.51,52.29,50.66,4
102,1227,440.74,272.19,58.93,54.02,3
102,1238,670.84,243.00,37.75,33.58,3
102,1233,421.81,315.06,25.16,42.90,0
102,1232,752.35,187.69,39.77,28.15,3
102,1224,661.10,201.11,36.01,32.34,3
102,1242,1006.92,289.70,101.06,45.20,7
102,1226,714.84,362.30,109.78,75.72,4
102,1235,784.88,288.34,49.16,44.80,3
102,1228,688.57,164.41,30.20,22.81,3
102,1243,560.25,298.25,58.60,54.73,3
102,1239,918.48,229.18,52.14,50.61,4
102,1231,940.06,274.21,52.77,40.68,3
103,1238,670.39,241.03,37.94,33.73,3
103,1233,419.24,315.94,25.37,43.26,0
103,1232,752.73,188.00,39.80,28.21,3
103,1224,661.08,200.32,35.09,31.37,3
103,1242,1010.29,292.90,95.49,42.30,7
103,1226,712.64,365.97,108.83,75.28,4
103,1235,784.78,288.76,50.31,46.19,3
103,1228,689.32,163.94,29.95,22.63,3
103,1243,557.43,303.55,60.76,56.83,3
103,1239,918.88,229.77,52.67,51.17,4
103,1231,939.53,275.58,53.52,41.25,3
104,1233,416.67,316.82,25.58,43.63,0
104,1232,752.82,188.51,40.02,28.41,3
104,1224,660.88,199.44,35.48,31.62,3
104,1242,1013.40,294.84,92.87,40.74,7
104,1226,709.70,369.80,106.77,73.93,4
104,1235,785.41,289.87,49.51,45.57,3
104,1228,689.00,163.53,29.76,22.46,3
104,1243,554.37,309.27,61.43,57.57,3
104,1239,919.71,230.66,52.72,51.23,4
104,1231,939.18,276.09,54.43,42.00,3
104,1227,439.86,274.23,58.88,54.14,3
105,1232,752.63,189.09,40.43,28.82,3
105,1224,661.24,197.72,34.83,30.88,3
105,1242,1016.18,299.81,88.57,38.17,7
105,1226,704.49,371.51,109.91,76.51,4
105,1235,785.61,291.03,49.26,45.37,3
105,1228,689.54,163.79,29.32,22.07,3
105,1243,551.83,314.88,62.49,58.68,3
105,1239,920.17,231.43,52.93,51.38,4
105,1231,939.65,276.54,54.97,42.49,3
105,1227,439.38,275.14,59.19,54.58,3
105,1238,671.14,237.44,38.28,33.81,3
106,1232,752.81,189.68,40.85,29.24,3
106,1224,661.22,196.66,34.87,30.80,3
106,1242,1013.54,299.30,94.65,40.57,7
106,1226,700.71,374.40,109.58,76.54,4
106,1235,785.76,292.52,49.12,45.26,3
106,1228,690.02,162.74,29.35,22.10,3
106,1243,548.50,320.24,64.61,61.24,3
106,1239,920.39,232.17,52.95,51.22,4
106,1231,941.44,277.87,53.77,41.63,3
106,1227,438.18,276.21,59.24,54.73,3
106,1238,671.80,235.81,38.17,33.60,3
107,1232,752.46,190.24,40.91,29.35,3
107,1224,661.04,195.59,34.41,30.38,3
107,1242,1011.15,297.64,101.45,43.59,7
107,1226,696.60,377.41,109.27,76.56,4
107,1235,785.48,293.46,49.81,46.04,3
107,1228,689.64,162.08,29.77,22.41,3
107,1243,546.58,327.00,65.34,62.05,3
107,1239,921.19,233.00,53.41,51.66,4
107,1231,942.28,278.97,53.75,41.61,3
107,1227,437.34,276.78,60.16,55.75,3
107,1238,671.97,234.24,37.96,33.43,3
108,1232,753.04,190.95,40.81,29.29,3
108,1224,662.15,194.86,33.70,29.61,3
108,1242,1011.01,296.00,107.35,46.53,7
108,1226,691.55,379.95,112.09,78.79,4
108,1235,785.29,294.43,51.72,48.04,3
108,1228,691.51,161.67,29.64,22.39,3
108,1243,545.03,333.35,67.79,64.24,3
108,1239,921.79,233.29,53.88,52.09,4
108,1231,944.48,280.10,53.30,41.36,3
108,1227,437.40,277.82,60.20,55.87,3
108,1238,672.20,232.75,37.97,33.49,3
109,1232,753.57,191.42,40.67,29.22,3
109,1224,662.72,194.11,33.98,29.76,3
109,1242,1011.91,296.71,107.81,46.99,7
109,1226,686.43,382.98,113.63,80.43,4
109,1235,786.46,295.82,51.11,47.37,3
109,1228,691.52,161.33,29.18,22.03,3
109,1243,541.53,340.22,69.29,65.69,3
109,1239,923.05,234.72,53.94,51.99,4
109,1231,944.56,280.77,54.16,42.00,3
109,1227,437.70,278.76,60.08,55.79,3
109,1238,672.78,230.82,37.04,32.60,3
110,1232,753.77,191.95,40.68,29.25,3
110,1224,662.86,193.39,33.86,29.51,3
110,1242,1015.57,300.27,102.90,44.76,7
110,1226,681.09,386.87,114.72,81.68,4
110,1235,786.79,296.93,51.53,47.88,3
110,1228,692.59,161.10,28.57,21.59,3
110,1243,538.09,346.21,71.12,67.59,3
110,1239,924.02,235.15,54.19,52.08,4
110,1231,945.01,281.60,54.99,42.68,3
110,1227,437.52,279.95,60.07,55.82,3
110,1238,672.98,230.14,36.52,32.10,3
111,1232,754.12,192.43,40.51,29.14,3
111,1224,662.40,192.25,34.95,30.36,3
111,1242,1017.23,301.14,103.76,45.29,7
111,1226,676.84,390.18,115.77,83.02,4
111,1235,786.79,297.63,52.50,48.95,3
111,1228,693.30,160.82,28.51,21.52,3
111,1243,533.78,353.28,74.61,71.20,3
111,1239,924.80,235.87,54.38,52.38,4
111,1231,945.66,282.54,55.27,42.94,3
111,1227,436.40,281.49,60.05,55.79,3
111,1238,673.03,228.67,36.72,32.15,3
112,1232,753.98,193.32,41.15,29.62,3
112,1224,662.65,191.90,34.80,30.08,3
112,1242,1019.56,304.36,100.85,43.94,7
112,1226,672.81,393.70,116.06,83.75,4
112,1235,787.33,298.26,52.19,48.66,3
112,1228,693.77,160.60,28.61,21.57,3
112,1243,528.99,360.88,74.62,71.70,3
112,1239,925.24,236.91,55.03,53.24,4
112,1231,946.13,283.76,55.32,43.06,3
112,1227,434.91,282.35,60.69,56.37,3
112,1238,673.45,227.69,36.40,31.75,3
113,1232,754.32,194.01,40.94,29.47,3
113,1224,662.89,191.35,34.50,29.63,3
113,1242,1017.76,303.68,105.94,46.45,7
113,1226,669.11,397.28,115.52,83.82,4
113,1235,786.94,299.88,52.53,49.02,3
113,1228,694.15,160.40,28.63,21.55,3
113,1243,524.04,368.93,76.22,73.86,3
113,1239,925.78,237.71,54.83,53.18,4
113,1231,947.01,284.99,55.50,43.24,3
113,1227,434.11,282.97,60.78,56.41,3
113,1238,673.47,226.42,36.01,31.32,3
114,1232,754.60,194.53,40.85,29.37,3
114,1224,663.96,190.87,34.21,29.25,3
114,1242,1018.25,305.44,104.91,46.00,7
114,1226,665.22,401.08,116.41,85.00,4
114,1235,787.56,301.57,51.65,48.22,3
114,1228,694.45,160.14,28.61,21.51,3
114,1243,519.45,376.92,77.68,75.84,3
114,1239,925.94,238.59,54.54,53.10,4
114,1231,947.58,285.95,55.57,43.23,3
114,1227,433.13,283.98,61.63,57.28,3
114,1238,674.08,225.28,35.82,31.17,3
114,1244,1005.90,414.65,28.77,46.16,0
115,1232,754.48,195.14,40.66,29.25,3
115,1224,665.76,189.86,33.26,28.37,3
115,1242,1019.07,305.77,105.59,46.62,7
115,1226,660.61,403.12,118.44,87.24,4
115,1235,787.06,302.61,52.66,49.43,3
115,1228,694.73,159.63,28.89,21.75,3
115,1243,515.61,385.34,80.58,79.50,3
115,1239,926.48,239.37,54.42,53.12,4
115,1231,948.37,286.95,55.21,43.01,3
115,1227,431.84,284.65,62.22,57.96,3
115,1238,673.81,223.91,35.75,31.05,3
115,1244,1005.69,416.22,27.50,44.09,0
116,1232,754.21,195.88,41.05,29.58,3
116,1224,666.22,189.21,32.10,27.31,3
116,1242,1018.93,305.46,108.45,47.92,7
116,1226,658.91,407.10,115.94,85.76,4
116,1235,786.84,303.21,53.18,50.21,3
116,1228,694.83,159.22,28.95,21.81,3
116,1243,511.61,394.28,81.35,80.94,3
116,1239,926.49,240.18,54.65,53.40,4
116,1231,949.17,288.20,55.74,43.46,3
116,1227,430.91,285.56,62.39,58.20,3
116,1238,673.56,222.61,35.72,30.99,3
116,1244,1005.47,417.76,27.14,43.53,0
117,1232,754.30,196.52,41.31,29.80,3
117,1224,666.16,188.85,32.42,27.55,3
117,1242,1021.30,306.38,106.75,47.23,7
117,1226,656.41,410.64,114.90,85.31,4
117,1235,787.42,304.52,52.53,49.73,3
117,1228,694.96,159.03,28.69,21.62,3
117,1243,506.66,403.28,84.48,85.10,3
117,1239,926.71,240.40,55.42,54.19,4
117,1231,949.89,289.07,55.36,43.18,3
117,1227,430.38,287.04,62.09,58.00,3
117,1238,673.56,221.62,36.19,31.39,3
117,1244,1004.22,418.20,28.52,45.80,0
118,1232,754.77,196.99,41.43,29.92,3
118,1224,666.27,187.94,33.18,28.19,3
118,1242,1022.56,307.81,106.58,47.07,7
118,1226,650.13,412.57,118.80,88.84,4
118,1235,788.38,305.93,51.07,48.24,3
118,1228,695.22,158.71,28.36,21.36,3
118,1243,500.95,412.62,86.27,87.71,3
118,1239,927.30,241.45,54.74,53.54,4
118,1231,950.45,290.22,55.84,43.55,3
118,1227,429.56,287.85,62.53,58.48,3
118,1238,673.77,219.99,36.68,31.81,3
118,1244,1002.99,418.15,30.04,48.51,0
119,1232,754.83,197.36,41.25,29.85,3
119,1224,666.47,187.14,32.45,27.53,3
119,1242,1022.99,308.71,106.76,47.17,7
119,1226,647.33,415.58,119.57,90.18,4
119,1235,788.24,306.79,51.76,48.96,3
119,1228,695.30,158.25,28.41,21.43,3
119,1243,494.95,422.62,91.38,94.14,3
119,1239,927.60,242.35,54.44,53.27,4
119,1231,950.90,291.18,56.02,43.68,3
119,1227,428.60,288.95,62.87,58.95,3
119,1238,674.45,219.21,36.28,31.34,3
119,1244,1002.63,418.21,29.47,47.82,0
120,1224,666.85,186.32,32.17,27.30,3
120,1242,1027.15,314.21,98.79,43.01,7
120,1226,642.54,418.41,122.00,93.05,4
120,1235,788.37,307.43,52.22,49.45,3
120,1228,696.10,157.86,27.66,20.86,3
120,1243,489.15,434.03,92.54,96.22,3
120,1239,927.71,243.28,54.45,53.24,4
120,1231,951.83,291.98,56.01,43.70,3
120,1227,427.86,289.73,62.51,58.68,3
120,1238,674.25,218.05,35.97,31.02,3
120,1244,1003.36,418.88,29.30,47.68,0
121,1224,665.87,185.61,32.36,27.50,3
121,1242,1025.66,311.72,106.25,46.54,7
121,1226,639.97,422.02,122.25,94.01,4
121,1235,787.75,308.54,53.18,50.45,3
121,1228,696.50,157.53,27.64,20.87,3
121,1243,482.34,443.72,97.17,102.16,3
121,1239,928.35,244.18,54.75,53.44,4
121,1231,953.09,292.92,55.96,43.72,3
121,1227,426.84,290.92,62.88,59.13,3
121,1238,674.20,217.17,36.01,31.01,3
121,1244,1003.95,420.38,29.35,47.75,0
121,1232,754.99,198.17,41.06,29.74,3
122,1224,666.45,185.05,32.41,27.54,3
122,1242,1027.49,312.69,103.74,45.37,7
122,1226,638.35,426.22,120.14,92.81,4
122,1235,787.49,309.34,53.95,51.57,3
122,1228,696.65,156.82,27.53,20.85,3
122,1243,474.93,454.30,100.35,106.94,3
122,1239,929.04,244.91,54.74,53.33,4
122,1231,953.13,293.92,56.18,43.87,3
122,1227,425.20,291.41,63.61,60.00,3
122,1238,674.81,215.98,36.07,31.13,3
122,1244,1004.97,421.76,28.56,46.39,0
122,1245,1047.44,422.63,26.39,44.40,0
122,1232,755.17,198.11,41.32,29.95,3
123,1224,666.37,184.22,32.24,27.49,3
123,1242,1029.34,317.20,99.51,43.12,7
123,1226,635.69,429.56,119.67,92.89,4
123,1235,787.92,310.82,54.07,51.93,3
123,1228,696.63,156.52,27.46,20.86,3
123,1243,468.02,468.95,102.21,109.81,3
123,1239,928.98,245.61,55.05,53.52,4
123,1231,953.98,294.98,56.20,43.86,3
123,1227,424.95,292.80,63.49,60.10,3
123,1238,674.95,214.84,35.50,30.55,3
123,1244,1005.61,422.33,28.70,46.53,0
123,1245,1048.62,423.98,26.75,44.96,0
123,1232,755.57,198.44,41.81,30.33,3
124,1224,666.37,183.07,31.27,26.54,3
124,1242,1027.95,315.05,107.23,46.82,7
124,1226,631.62,433.06,121.27,94.76,4
124,1235,787.74,311.05,54.17,52.22,3
124,1228,696.47,156.13,27.13,20.70,3
124,1243,460.68,482.18,105.96,115.28,3
124,1239,929.98,245.77,55.40,53.89,4
124,1231,954.86,295.69,56.09,43.87,3
124,1227,423.74,293.40,64.08,60.79,3
124,1238,674.64,213.62,35.57,30.57,3
124,1244,1006.02,422.69,28.34,45.76,0
124,1245,1051.40,424.41,28.51,47.76,0
124,1232,755.60,198.78,41.93,30.46,3
125,1224,667.37,182.67,30.51,25.85,3
125,1242,1028.65,314.87,109.41,48.07,7
125,1226,628.65,436.86,120.98,95.15,4
125,1235,788.48,311.94,53.24,51.32,3
125,1228,697.22,155.95,26.63,20.39,3
125,1243,452.51,493.98,111.42,123.34,3
125,1239,930.54,246.26,55.57,54.06,4
125,1231,955.63,295.70,56.20,44.05,3
125,1227,422.83,294.10,64.19,61.08,3
125,1238,674.47,212.57,36.04,30.97,3
125,1244,1005.38,422.63,28.66,46.24,0
125,1245,1053.11,425.91,29.16,48.62,0
125,1232,756.31,199.81,41.53,30.11,3
126,1226,624.91,439.44,123.52,97.92,4
126,1235,789.50,313.73,52.29,50.28,3
126,1228,697.52,155.58,26.47,20.27,3
126,1243,445.06,508.29,114.76,129.16,3
126,1239,931.18,247.18,56.05,54.47,4
126,1231,956.25,296.63,56.62,44.45,3
126,1227,422.21,294.83,64.23,61.10,3
126,1238,675.17,211.72,35.71,30.67,3
126,1244,1005.08,423.03,28.73,46.36,0
126,1245,1056.74,428.68,29.56,48.94,0
126,1232,757.09,199.77,41.50,30.06,3
127,1235,790.79,315.26,52.04,49.94,3
127,1228,697.81,155.20,26.31,20.15,3
127,1243,439.07,525.58,116.21,132.59,3
127,1239,931.64,247.77,56.22,54.61,4
127,1231,956.47,297.88,57.23,45.04,3
127,1227,422.00,295.71,64.26,61.04,3
127,1238,676.04,211.35,34.98,29.97,3
127,1244,1004.93,423.46,28.97,46.99,0
127,1245,1058.79,431.28,29.23,48.06,0
127,1232,756.72,200.13,41.84,30.27,3
127,1242,1032.79,318.83,106.23,46.98,7
128,1228,698.11,154.83,26.15,20.03,3
128,1243,429.07,541.84,120.15,139.27,3
128,1239,932.77,248.64,56.45,54.74,4
128,1231,956.91,298.75,56.93,44.62,3
128,1227,421.38,296.88,64.33,61.04,3
128,1238,675.79,210.80,34.72,29.64,3
128,1244,1005.95,424.56,27.96,45.22,0
128,1245,1061.48,433.21,30.01,48.95,0
128,1232,757.06,200.37,42.04,30.43,3
128,1242,1034.81,320.73,103.70,45.75,7
128,1226,614.29,444.40,128.23,103.37,4
129,1228,698.87,154.90,26.64,20.49,3
129,1243,420.98,558.47,123.98,146.30,3
129,1239,933.43,249.47,56.54,54.66,4
129,1231,957.06,299.82,57.69,45.18,3
129,1227,420.90,298.18,64.82,61.49,3
129,1238,675.20,209.12,35.17,29.92,3
129,1244,1005.38,425.87,28.20,45.57,0
129,1245,1062.96,433.88,30.43,49.28,0
129,1232,756.82,200.74,42.31,30.58,3
129,1242,1035.01,322.26,104.79,46.25,7
129,1246,744.14,159.11,26.63,22.08,3
129,1226,611.73,448.29,128.34,104.47,4
129,1235,791.00,316.62,54.11,51.88,3
130,1228,699.03,154.61,26.50,20.49,3
130,1243,412.76,580.17,127.35,152.08,3
130,1239,934.10,250.55,57.42,55.32,4
130,1231,957.07,300.07,58.68,45.88,3
130,1227,420.44,299.36,64.82,61.46,3
130,1238,675.39,207.99,35.24,29.96,3
130,1244,1004.35,426.33,29.66,48.28,0
130,1245,1063.83,435.65,30.55,49.27,0
130,1232,756.83,201.19,42.75,30.89,3
130,1242,1037.08,323.03,104.51,46.15,7
130,1246,744.58,159.46,26.83,22.24,3
130,1226,609.11,452.83,127.96,105.25,4
130,1235,791.36,317.57,54.60,52.35,3
131,1243,405.38,600.10,130.23,157.46,3
131,1239,934.52,251.22,57.87,55.53,4
131,1231,958.77,301.28,58.22,45.41,3
131,1227,420.19,300.49,65.21,61.77,3
131,1238,675.62,207.00,35.67,30.33,3
131,1244,1004.24,426.63,30.04,49.14,0
131,1245,1065.87,436.96,30.50,49.08,0
131,1232,757.13,201.60,42.43,30.66,3
131,1242,1042.04,326.99,98.92,43.10,7
131,1246,745.54,160.02,27.13,22.44,3
131,1226,604.11,456.06,129.27,107.33,4
131,1235,792.54,319.39,54.07,51.83,3
132,1243,408.70,624.11,115.24,138.50,3
132,1239,934.51,251.17,58.99,56.55,4
132,1231,960.19,302.30,57.94,45.21,3
132,1227,418.78,300.88,65.70,62.26,3
132,1238,675.87,206.64,35.37,30.02,3
132,1244,1004.39,426.89,30.20,49.60,0
132,1245,1067.63,438.89,31.49,50.69,0
132,1232,757.26,202.34,42.47,30.70,3
132,1242,1038.00,325.03,107.04,46.77,7
132,1246,745.11,160.23,26.89,22.18,3
132,1226,600.23,459.61,129.26,108.22,4
132,1235,792.80,320.08,54.37,52.20,3
133,1243,407.64,652.06,99.03,113.72,3
133,1239,934.46,251.87,59.52,56.90,4
133,1231,961.37,303.18,57.68,44.97,3
133,1227,418.04,301.65,65.91,62.52,3
133,1238,675.49,205.88,35.21,29.87,3
133,1244,1005.06,427.33,29.84,48.83,0
133,1245,1069.04,441.38,31.59,50.34,0
133,1232,757.16,203.09,42.48,30.73,3
133,1242,1035.95,324.86,110.26,48.34,7
133,1246,745.43,161.16,26.69,21.94,3
133,1226,595.61,464.54,129.61,109.38,4
133,1235,793.03,321.28,54.12,51.88,3
134,1243,407.37,675.46,86.72,93.71,3
134,1239,935.57,253.08,58.71,55.80,4
134,1231,961.53,304.33,57.76,44.97,3
134,1227,417.36,302.39,65.78,62.43,3
134,1238,675.15,204.38,35.75,30.32,3
134,1244,1005.93,428.03,30.14,49.14,0
134,1245,1070.52,442.50,32.19,51.16,0
134,1232,757.22,203.71,42.86,31.05,3
134,1242,1035.44,322.99,115.11,51.09,7
134,1246,745.76,161.59,26.69,21.84,3
134,1226,591.41,468.66,130.77,111.34,4
134,1235,793.37,322.05,53.89,51.62,3
135,1243,412.22,700.67,70.15,69.45,3
135,1239,937.12,254.06,58.29,55.25,4
135,1231,961.50,304.95,59.35,46.20,3
135,1227,416.65,303.21,65.80,62.48,3
135,1238,674.55,203.33,36.13,30.73,3
135,1244,1007.36,428.95,29.97,48.63,0
135,1245,1071.40,444.14,32.37,51.28,0
135,1232,757.85,203.81,42.54,30.82,3
135,1242,1037.09,323.50,116.57,52.29,7
135,1246,746.23,161.69,27.94,22.64,3
135,1226,586.54,473.19,131.56,112.86,4
135,1235,793.75,322.53,54.31,52.09,3
136,1239,937.80,254.87,58.29,55.20,4
136,1231,962.87,305.87,59.87,46.60,3
136,1227,415.63,304.21,66.21,62.94,3
136,1238,674.72,202.20,36.23,30.70,3
136,1244,1009.31,430.10,29.40,47.54,0
136,1245,1073.53,447.03,31.49,49.86,0
136,1232,758.00,204.18,42.66,30.92,3
136,1242,1042.46,328.47,107.60,47.85,7
136,1246,746.24,161.83,28.82,23.20,3
136,1226,581.62,476.93,133.05,114.96,4
136,1235,793.52,323.49,54.45,52.40,3
136,1247,1303.98,709.58,56.13,55.98,6
137,1239,937.91,255.78,58.56,55.45,4
137,1231,963.36,306.97,60.23,46.83,3
137,1227,414.95,305.58,66.53,63.32,3
137,1238,674.56,201.20,36.50,30.84,3
137,1244,1010.58,430.62,29.05,46.87,0
137,1245,1074.43,447.35,32.67,51.82,0
137,1232,757.94,204.97,42.48,30.78,3
137,1242,1052.31,338.04,91.04,39.40,7
137,1246,745.47,162.07,28.92,23.16,3
137,1226,576.02,482.27,135.76,118.59,4
137,1235,793.30,324.95,55.01,53.02,3
137,1247,1308.03,713.36,52.19,52.06,6
138,1239,938.40,255.92,58.97,55.92,4
138,1231,965.31,308.08,60.28,46.71,3
138,1227,414.52,306.83,66.68,63.55,3
138,1238,674.57,200.44,36.45,30.76,3
138,1244,1011.12,430.84,28.78,46.39,0
138,1245,1075.88,450.15,32.69,51.76,0
138,1232,758.14,205.47,42.56,30.83,3
138,1242,1048.06,334.26,102.40,44.38,7
138,1246,744.66,162.27,29.23,23.34,3
138,1226,571.11,488.13,135.74,119.41,4
138,1235,793.32,326.40,55.33,53.24,3
138,1247,1313.64,719.27,46.35,46.23,6
139,1239,939.61,256.32,59.36,56.49,4
139,1231,965.25,308.97,61.80,47.88,3
139,1227,413.21,307.32,67.69,64.59,3
139,1238,675.02,199.30,36.82,30.99,3
139,1244,1011.68,431.24,28.57,46.28,0
139,1245,1077.35,452.09,32.70,52.05,0
139,1232,758.51,205.89,42.68,30.88,3
139,1242,1048.85,335.32,104.43,45.18,7
139,1246,744.03,162.56,29.66,23.66,3
139,1226,564.11,493.26,138.79,123.20,4
139,1235,793.97,326.90,55.96,53.89,3
139,1247,1317.26,723.71,42.25,42.11,6
140,1239,937.96,256.04,60.75,57.70,4
140,1231,964.11,309.91,67.43,52.77,3
140,1238,675.04,198.41,36.28,30.46,3
140,1244,1012.07,432.42,28.96,47.07,0
140,1245,1079.42,454.33,32.43,51.43,0
140,1232,758.81,206.25,42.55,30.73,3
140,1242,1044.79,331.62,114.93,50.31,7
140,1246,744.65,162.93,29.93,23.79,3
140,1226,558.86,498.77,141.24,126.53,4
140,1235,794.06,327.62,56.66,54.60,3
140,1247,1320.80,727.56,38.50,38.37,6
141,1239,939.49,256.44,61.10,58.02,4
141,1231,964.89,311.14,68.13,53.62,3
141,1244,1012.60,433.24,28.70,46.72,0
141,1245,1082.07,455.52,31.59,49.63,0
141,1232,758.48,206.30,43.94,31.83,3
141,1242,1046.88,333.12,112.52,49.38,7
141,1246,744.34,162.40,30.38,24.01,3
141,1226,552.63,504.73,140.88,127.11,4
141,1235,794.90,329.02,56.33,54.22,3
141,1247,1324.34,731.41,34.74,34.62,6
141,1227,412.08,309.15,67.81,64.76,3
142,1231,967.89,312.31,62.56,48.89,3
142,1244,1013.43,434.05,28.53,46.45,0
142,1245,1083.55,457.38,31.75,49.63,0
142,1232,758.01,206.73,44.58,32.35,3
142,1242,1047.18,333.45,115.17,50.87,7
142,1246,744.36,163.15,30.27,23.87,3
142,1226,546.00,513.04,141.87,129.05,4
142,1235,795.32,330.12,56.21,54.06,3
142,1247,1327.88,735.27,30.98,30.88,6
142,1227,411.72,310.12,67.59,64.53,3
142,1238,676.09,197.17,35.54,29.76,3
143,1231,970.33,313.00,58.47,45.40,3
143,1245,1084.25,459.11,31.50,49.00,0
143,1232,758.70,207.12,44.40,32.33,3
143,1242,1050.66,335.47,111.45,49.23,7
143,1246,744.36,163.70,30.10,23.69,3
143,1226,539.53,519.37,143.47,131.73,4
143,1235,795.63,331.03,56.18,53.99,3
143,1247,1331.42,739.12,27.23,27.13,6
143,1227,410.89,311.24,67.83,64.90,3
143,1238,676.46,196.75,34.68,29.00,3
143,1239,942.01,259.06,60.29,57.48,4
144,1231,971.60,313.93,57.23,44.23,3
144,1232,759.15,207.62,44.33,32.38,3
144,1242,1054.62,338.57,107.24,47.09,7
144,1246,744.79,164.10,29.91,23.44,3
144,1226,529.96,526.04,147.57,136.99,4
144,1235,796.57,332.16,56.71,54.48,3
144,1247,1334.95,742.97,23.47,23.39,6
144,1227,410.03,312.32,67.91,64.89,3
144,1238,676.38,196.52,34.45,28.79,3
144,1248,751.21,184.35,38.27,27.87,3
144,1239,943.02,260.41,59.70,56.92,4
144,1244,1014.33,434.32,29.14,47.81,0
145,1232,761.04,208.48,43.21,31.54,3
145,1242,1060.48,341.44,105.39,46.19,7
145,1246,746.41,164.40,29.58,23.23,3
145,1226,523.91,532.58,151.31,142.42,4
145,1235,797.81,332.97,58.04,55.95,3
145,1247,1338.49,746.83,19.71,19.65,6
145,1227,410.77,313.44,68.48,65.42,3
145,1238,676.73,195.38,35.14,29.27,3
145,1248,753.58,184.95,37.66,27.45,3
145,1239,944.91,260.86,59.89,57.10,4
145,1244,1016.07,434.27,29.28,48.06,0
145,1245,1090.04,463.12,33.04,51.04,0
146,1232,764.17,209.00,42.77,31.18,3
146,1246,748.54,164.85,29.94,23.46,3
146,1226,519.32,539.82,152.40,145.44,4
146,1235,801.17,334.23,57.41,55.46,3
146,1247,1342.03,750.68,15.96,15.90,6
146,1227,412.49,313.98,67.81,64.70,3
146,1238,677.98,193.29,35.80,29.80,3
146,1248,756.34,184.86,38.14,27.87,3
146,1239,948.38,262.33,60.04,57.09,4
146,1244,1019.48,435.59,29.93,49.20,0
146,1249,316.52,364.30,29.13,47.25,0
146,1245,1093.96,466.50,33.35,51.27,0
146,1228,706.32,152.52,27.40,20.83,3
146,1231,978.05,315.51,57.43,44.09,3
147,1232,765.56,209.45,42.65,31.14,3
147,1226,513.95,551.01,151.46,146.01,4
147,1235,801.89,335.67,58.50,56.75,3
147,1227,412.71,315.33,68.54,65.46,3
147,1238,680.80,193.07,35.07,29.30,3
147,1248,757.92,185.16,38.74,28.37,3
147,1239,950.76,263.36,59.71,56.67,4
147,1244,1021.99,436.32,30.44,49.92,0
147,1249,314.69,365.18,28.76,46.65,0
147,1245,1095.79,467.68,34.02,52.26,0
147,1228,706.33,152.16,28.01,21.14,3
147,1231,978.83,316.27,59.35,45.49,3
147,1242,1064.76,345.09,105.91,46.03,7
148,1226,505.74,558.19,153.74,150.22,4
148,1235,802.83,336.68,58.96,57.35,3
148,1227,412.58,316.42,68.84,65.71,3
148,1238,682.04,192.80,34.68,29.04,3
148,1248,757.80,185.64,39.17,28.79,3
148,1239,951.92,263.65,60.76,57.87,4
148,1244,1023.74,437.74,30.30,49.38,0
148,1249,311.83,365.90,28.84,46.72,0
148,1245,1097.87,469.65,34.78,53.30,0
148,1228,706.44,151.83,28.39,21.34,3
148,1231,979.67,317.35,60.69,46.51,3
148,1250,1023.94,365.40,46.96,30.42,9
148,1242,1061.23,343.20,112.86,49.27,7
149,1235,803.70,337.89,58.55,57.07,3
149,1227,412.11,317.67,68.96,65.74,3
149,1238,681.42,190.83,36.60,30.83,3
149,1248,758.53,185.85,38.39,28.34,3
149,1239,952.04,263.92,61.12,58.25,4
149,1244,1024.57,439.09,29.82,48.35,0
149,1249,309.96,366.29,29.18,47.14,0
149,1245,1100.28,472.36,33.54,51.04,0
149,1228,706.53,151.79,28.91,21.65,3
149,1231,979.92,318.57,61.32,47.04,3
149,1250,1027.57,367.85,48.17,31.23,9
149,1242,1065.67,345.52,109.54,47.66,7
149,1232,766.74,209.99,43.57,32.04,3
150,1227,411.66,318.98,69.03,65.77,3
150,1238,681.28,189.91,36.22,30.65,3
150,1248,758.99,186.77,37.58,27.86,3
150,1239,952.49,264.48,61.22,58.56,4
150,1244,1025.69,439.78,29.28,47.29,0
150,1249,306.82,367.45,29.38,47.38,0
150,1245,1101.29,473.30,35.17,53.00,0
150,1228,706.52,151.68,29.05,21.70,3
150,1231,980.59,319.75,62.08,47.67,3
150,1250,1035.19,370.99,46.78,30.34,9
150,1242,1057.99,343.57,118.46,51.56,7
150,1232,767.28,210.72,43.27,31.87,3
150,1246,752.57,166.18,29.94,23.40,3
150,1226,487.01,576.96,159.86,160.44,4
151,1227,410.38,319.39,69.21,66.03,3
151,1248,759.12,186.72,37.59,28.00,3
151,1239,954.00,266.08,60.56,57.95,4
151,1244,1026.48,440.10,28.91,46.61,0
151,1249,304.76,368.11,29.44,47.47,0
151,1245,1103.14,476.10,35.15,52.55,0
151,1228,706.46,151.58,28.89,21.54,3
151,1231,980.76,320.71,62.99,48.57,3
151,1250,1040.23,373.78,46.20,29.95,9
151,1242,1060.46,346.97,115.43,49.56,7
151,1232,767.24,211.11,43.58,32.19,3
151,1246,752.15,165.88,30.31,24.02,3
151,1226,477.79,587.50,164.00,167.25,4
151,1235,805.11,339.97,56.70,55.32,3
152,1227,408.96,320.19,70.14,67.14,3
152,1239,954.19,267.01,60.57,57.81,4
152,1244,1026.81,440.61,29.22,47.11,0
152,1249,302.78,369.38,29.24,46.96,0
152,1245,1103.04,478.46,35.75,53.40,0
152,1228,706.46,151.50,28.92,21.55,3
152,1231,981.77,321.75,63.28,48.90,3
152,1250,1044.48,375.94,45.90,29.76,9
152,1242,1062.74,349.88,113.02,48.00,7
152,1232,767.41,211.44,43.56,32.23,3
152,1246,751.72,166.89,30.01,23.90,3
152,1226,471.02,600.35,161.22,166.06,4
152,1235,805.21,341.25,57.78,56.47,3
153,1239,954.00,267.31,61.21,58.18,4
153,1244,1027.00,440.65,29.59,47.72,0
153,1249,300.17,370.32,29.84,47.88,0
153,1245,1103.77,480.39,36.33,54.21,0
153,1228,706.67,151.46,28.86,21.45,3
153,1231,982.91,322.83,63.13,48.84,3
153,1250,1048.74,378.11,45.60,29.56,9
153,1242,1067.20,354.58,107.16,44.94,7
153,1232,767.50,212.45,43.84,32.45,3
153,1246,751.90,166.78,30.31,24.27,3
153,1226,465.53,611.81,154.62,159.40,4
153,1235,805.27,342.55,58.54,57.23,3
153,1238,680.13,188.59,35.35,30.03,3
153,1248,759.59,187.91,37.86,28.41,3
154,1244,1027.96,441.73,29.07,46.83,0
154,1249,297.91,371.78,29.98,48.19,0
154,1245,1107.22,482.71,37.00,55.21,0
154,1228,706.65,151.35,28.49,21.12,3
154,1231,983.10,323.78,63.29,49.05,3
154,1250,1053.00,380.27,45.30,29.37,9
154,1242,1072.12,355.47,107.08,44.75,7
154,1232,768.41,212.88,43.71,32.34,3
154,1246,752.40,166.73,30.48,24.27,3
154,1226,461.87,623.22,146.86,149.64,4
154,1235,806.17,344.15,57.32,55.83,3
154,1238,679.72,188.22,35.11,29.91,3
154,1248,759.56,188.16,37.74,28.49,3
154,1227,407.09,322.24,70.29,67.53,3
155,1244,1028.78,443.09,28.76,46.14,0
155,1249,296.39,374.12,28.96,46.58,0
155,1228,706.47,151.05,28.32,20.95,3
155,1231,983.67,324.53,64.79,50.34,3
155,1250,1057.25,382.43,45.00,29.17,9
155,1242,1070.28,356.37,109.78,45.81,7
155,1232,767.86,213.24,43.91,32.42,3
155,1246,752.89,166.96,30.62,24.18,3
155,1226,458.28,636.82,134.72,134.29,4
155,1235,806.67,345.01,58.46,56.93,3
155,1238,680.41,187.87,34.01,28.97,3
155,1248,759.05,188.50,37.81,28.63,3
155,1227,406.23,323.52,70.21,67.47,3
155,1239,954.71,268.73,63.22,60.15,4
156,1249,294.34,374.98,29.02,46.66,0
156,1228,706.19,150.81,28.70,21.24,3
156,1231,983.82,325.95,64.61,50.21,3
156,1250,1061.51,384.59,44.70,28.98,9
156,1242,1081.68,363.47,96.22,39.64,7
156,1232,768.18,213.65,43.69,32.27,3
156,1246,753.55,167.80,30.77,24.07,3
156,1226,456.32,651.40,122.32,117.64,4
156,1235,806.06,345.92,59.53,58.13,3
156,1238,680.61,187.65,33.42,28.46,3
156,1248,758.72,189.01,38.06,28.93,3
156,1227,405.93,324.63,70.54,67.77,3
156,1239,955.79,269.21,63.15,60.27,4
156,1245,1111.75,487.23,37.15,55.39,0
157,1231,984.52,326.49,64.62,50.26,3
157,1250,1065.77,386.75,44.40,28.79,9
157,1242,1084.18,365.49,94.73,39.03,7
157,1232,767.66,214.08,44.13,32.59,3
157,1246,752.94,168.27,30.08,23.49,3
157,1226,456.13,664.29,112.04,104.27,4
157,1235,807.04,347.09,58.88,57.41,3
157,1238,680.43,187.40,33.33,28.45,3
157,1248,758.67,189.34,37.91,28.92,3
157,1227,405.02,324.95,70.85,68.15,3
157,1239,956.64,269.79,63.09,60.22,4
157,1245,1113.44,489.24,36.40,54.09,0
157,1244,1029.16,444.00,29.37,47.61,0
158,1242,1086.68,367.51,93.25,38.42,7
158,1232,767.43,214.52,44.51,32.91,3
158,1246,753.83,168.22,30.93,23.93,3
158,1226,457.27,679.24,97.20,86.02,4
158,1235,806.63,348.23,59.13,57.73,3
158,1238,679.72,186.15,34.03,28.98,3
158,1248,758.71,189.82,37.85,28.96,3
158,1227,404.42,326.04,71.03,68.45,3
158,1239,957.83,271.18,62.73,59.99,4
158,1245,1115.40,491.65,35.97,52.84,0
158,1244,1028.75,443.24,30.20,49.59,0
158,1249,288.64,376.40,30.58,49.01,0
158,1228,706.00,150.65,29.01,21.48,3
159,1242,1102.33,374.23,74.46,29.70,7
159,1232,767.49,215.02,44.58,33.00,3
159,1226,455.07,690.60,88.47,78.29,4
159,1238,681.46,185.87,33.80,28.77,3
159,1248,759.16,190.53,37.47,28.78,3
159,1227,403.70,327.18,71.23,68.80,3
159,1239,958.21,272.30,62.59,59.83,4
159,1245,1116.98,493.56,35.53,51.82,0
159,1244,1029.78,444.11,29.39,48.34,0
159,1249,286.44,377.43,30.64,49.11,0
159,1228,705.83,150.07,29.44,21.83,3
159,1231,986.32,328.78,64.44,50.18,3
160,1226,452.87,701.96,79.74,70.57,4
160,1238,682.18,186.47,33.05,28.11,3
160,1248,758.83,190.83,37.64,28.98,3
160,1227,402.59,328.42,71.15,68.82,3
160,1239,958.93,273.17,62.26,59.50,4
160,1245,1117.20,495.56,36.83,53.64,0
160,1244,1030.60,444.22,30.23,49.87,0
160,1249,284.18,376.87,31.41,50.48,0
160,1228,705.94,149.93,29.63,22.02,3
160,1231,987.87,329.85,65.14,50.87,3
160,1246,753.99,169.18,31.25,23.87,3
160,1235,807.16,349.99,59.99,58.73,3
161,1238,680.88,185.13,33.74,28.58,3
161,1248,759.30,191.39,37.19,28.64,3
161,1227,402.50,329.35,71.31,68.91,3
161,1239,959.71,273.25,62.91,60.16,4
161,1245,1117.60,497.40,36.83,53.79,0
161,1244,1030.76,444.38,31.05,51.43,0
161,1249,282.69,377.59,31.27,50.28,0
161,1228,706.02,150.64,29.54,21.98,3
161,1231,988.92,330.98,65.27,51.16,3
161,1246,753.95,169.10,31.85,24.17,3
161,1235,807.44,351.09,60.25,59.07,3
161,1232,768.39,216.10,44.57,33.05,3
162,1238,680.11,184.25,34.48,29.10,3
162,1248,760.78,191.72,37.14,28.55,3
162,1227,401.85,330.69,71.77,69.41,3
162,1239,960.92,273.63,63.71,60.98,4
162,1245,1119.99,500.70,38.94,56.92,0
162,1244,1031.77,445.49,30.01,49.54,0
162,1249,281.36,378.23,31.03,50.17,0
162,1228,706.03,150.05,29.60,22.02,3
162,1231,990.76,331.82,64.68,50.78,3
162,1246,754.21,169.27,32.27,24.45,3
162,1235,807.76,352.18,60.30,59.12,3
162,1251,1129.08,208.89,60.26,32.42,3
162,1232,768.88,216.69,44.96,33.33,3
163,1238,679.81,183.89,34.11,28.52,3
163,1248,760.99,192.18,37.36,28.72,3
163,1239,962.55,274.35,63.51,60.73,4
163,1245,1120.04,501.44,38.76,57.22,0
163,1244,1033.28,446.64,29.02,47.78,0
163,1249,280.33,379.59,30.86,50.12,0
163,1228,706.15,150.26,29.36,21.90,3
163,1231,992.22,333.05,65.26,51.40,3
163,1246,754.56,169.56,32.33,24.50,3
163,1235,808.21,353.67,60.06,58.86,3
163,1251,1130.20,209.88,59.27,31.88,3
163,1232,769.10,216.93,44.79,33.14,3
164,1238,680.16,183.54,34.40,28.64,3
164,1248,760.97,192.51,37.43,28.81,3
164,1245,1124.87,504.28,37.34,54.95,0
164,1244,1033.98,447.21,29.50,48.70,0
164,1249,279.14,381.56,30.71,49.93,0
164,1228,706.31,150.05,29.29,21.89,3
164,1231,992.57,333.72,65.36,51.67,3
164,1246,754.90,169.85,32.39,24.54,3
164,1235,808.85,354.86,59.79,58.52,3
164,1251,1131.48,209.80,59.55,32.03,3
164,1232,769.23,217.35,44.49,32.84,3
164,1227,399.71,332.51,72.12,69.71,3
165,1238,679.84,183.30,34.32,28.47,3
165,1248,760.78,192.96,37.55,29.05,3
165,1245,1126.85,505.68,36.41,53.42,0
165,1244,1034.20,447.73,30.55,50.81,0
165,1249,278.79,382.75,30.28,49.25,0
165,1228,706.55,149.85,28.77,21.49,3
165,1231,992.68,334.17,65.68,51.97,3
165,1246,754.61,170.67,32.06,24.11,3
165,1235,809.46,355.67,59.92,58.57,3
165,1251,1131.33,210.73,61.44,33.08,3
165,1232,769.61,217.94,44.97,33.09,3
165,1227,398.05,332.95,72.49,70.11,3
165,1239,963.06,276.06,64.68,61.98,4
166,1238,680.02,183.93,33.34,27.44,3
166,1248,761.22,193.32,37.39,29.05,3
166,1245,1127.85,508.65,37.61,55.23,0
166,1244,1034.40,447.91,29.72,49.44,0
166,1249,278.01,384.09,30.34,49.48,0
166,1228,706.74,149.65,28.28,21.08,3
166,1231,993.24,335.09,64.42,50.92,3
166,1246,754.40,171.22,32.48,24.28,3
166,1235,809.66,357.46,60.84,59.44,3
166,1251,1131.31,210.81,63.21,34.11,3
166,1232,769.31,218.54,45.38,33.35,3
166,1227,397.06,334.10,73.47,71.09,3
166,1252,657.27,720.19,132.15,44.95,3
166,1239,963.85,276.86,64.69,62.18,4
167,1238,679.52,183.79,33.76,27.72,3
167,1248,761.12,193.47,37.46,29.03,3
167,1245,1129.70,510.04,36.70,54.12,0
167,1244,1034.87,449.45,29.13,48.46,0
167,1249,276.87,384.78,30.56,49.80,0
167,1228,706.67,149.58,28.17,20.99,3
167,1231,994.54,336.81,64.56,51.09,3
167,1246,754.77,171.40,32.45,24.11,3
167,1235,810.29,359.07,59.76,58.16,3
167,1251,1132.33,211.64,62.92,33.95,3
167,1232,769.91,219.08,45.45,33.42,3
167,1227,395.22,335.23,74.28,71.93,3
167,1252,647.22,714.99,150.30,51.45,3
167,1239,962.93,277.54,65.48,62.89,4
168,1238,679.30,183.75,33.75,27.65,3
168,1248,761.24,193.85,37.86,29.29,3
168,1244,1035.29,450.42,28.47,47.21,0
168,1249,275.63,384.41,31.75,51.69,0
168,1228,706.81,149.55,28.11,20.92,3
168,1231,995.39,337.33,65.49,51.72,3
168,1246,755.05,171.75,32.44,24.11,3
168,1235,809.25,359.46,61.57,59.94,3
168,1251,1132.95,211.51,63.44,34.23,3
168,1232,770.38,219.13,46.30,33.97,3
168,1227,394.77,336.43,74.31,72.07,3
168,1252,637.18,708.39,166.50,57.65,3
168,1239,964.09,278.40,65.64,63.14,4
168,1242,1078.79,365.12,130.60,53.19,7
169,1238,679.93,183.72,33.56,27.49,3
169,1244,1035.52,451.24,28.58,47.52,0
169,1249,275.42,385.62,30.21,49.08,0
169,1228,706.95,149.31,27.70,20.55,3
169,1231,995.68,338.47,66.06,52.18,3
169,1246,755.32,172.09,32.44,24.11,3
169,1235,809.64,360.47,62.20,60.53,3
169,1251,1134.77,212.51,62.89,33.88,3
169,1232,770.18,219.41,46.68,34.10,3
169,1227,394.13,338.54,73.94,71.69,3
169,1252,629.91,702.84,178.84,62.91,3
169,1239,964.47,279.43,65.30,62.53,4
169,1242,1082.67,369.46,125.34,50.60,7
169,1245,1132.60,515.46,36.75,53.70,0
170,1238,679.66,183.13,33.89,27.65,3
170,1244,1035.86,452.35,28.44,47.44,0
170,1228,706.95,149.31,27.89,20.68,3
170,1231,996.29,339.89,66.51,52.50,3
170,1246,755.60,172.44,32.44,24.11,3
170,1235,809.73,362.01,62.46,60.75,3
170,1251,1136.45,213.00,61.53,33.03,3
170,1232,769.62,220.53,46.52,34.00,3
170,1227,392.98,339.96,73.78,71.38,3
170,1252,626.42,697.63,187.01,67.13,3
170,1239,964.97,281.13,64.86,61.88,4
170,1242,1086.52,370.81,127.47,51.43,7
170,1245,1132.89,516.72,39.80,58.56,0
170,1248,761.09,194.78,38.07,29.41,3
171,1238,679.09,181.42,34.84,28.51,3
171,1244,1036.13,452.55,28.89,48.52,0
171,1228,707.09,149.14,27.61,20.42,3
171,1231,997.04,341.48,67.04,52.98,3
171,1246,755.79,173.80,32.14,23.43,3
171,1235,810.58,363.82,63.03,61.48,3
171,1251,1137.29,213.84,61.85,33.11,3
171,1232,770.45,221.22,46.05,33.66,3
171,1227,392.04,341.24,73.68,71.21,3
171,1252,620.90,691.99,197.19,72.60,3
171,1239,966.44,281.99,64.62,61.65,4
171,1242,1086.21,371.97,128.02,51.96,7
171,1245,1135.12,519.36,39.21,58.14,0
171,1248,761.69,195.32,37.91,29.27,3
172,1238,679.93,181.89,34.27,27.98,3
172,1228,707.16,149.05,27.65,20.41,3
172,1231,998.14,342.73,67.30,53.18,3
172,1246,756.09,174.24,32.05,23.37,3
172,1235,811.60,365.37,62.57,61.05,3
172,1251,1137.75,214.61,62.64,33.45,3
172,1232,770.89,221.93,46.32,33.76,3
172,1227,390.58,341.86,74.72,72.22,3
172,1252,616.42,686.17,206.30,78.25,3
172,1239,966.51,282.91,64.64,61.49,4
172,1242,1087.34,374.15,127.53,51.32,7
172,1245,1137.89,523.28,37.80,56.39,0
172,1248,761.94,195.75,37.64,29.03,3
173,1231,998.95,343.95,68.00,53.76,3
173,1246,756.39,174.68,31.96,23.30,3
173,1235,811.87,366.34,62.16,60.56,3
173,1251,1138.59,215.15,62.83,33.56,3
173,1232,770.46,222.06,46.93,34.11,3
173,1227,389.16,342.73,75.20,72.65,3
173,1252,611.65,680.41,214.80,84.32,3
173,1239,966.18,283.09,65.72,62.29,4
173,1242,1087.61,375.06,128.67,52.21,7
173,1245,1140.33,524.73,38.95,58.75,0
173,1248,761.61,196.16,37.46,28.81,3
173,1253,716.97,120.57,24.07,22.45,3
173,1244,1036.67,452.62,29.54,50.42,0
174,1231,999.15,345.25,68.06,53.68,3
174,1246,754.87,174.47,33.12,23.84,3
174,1235,811.07,367.53,63.47,61.98,3
174,1251,1139.93,215.85,62.63,33.35,3
174,1232,770.49,222.44,47.18,34.30,3
174,1227,387.88,344.05,75.94,73.42,3
174,1252,608.32,674.65,220.26,89.76,3
174,1239,966.73,284.02,66.86,63.43,4
174,1242,1088.53,376.35,129.05,52.84,7
174,1245,1142.81,528.74,38.55,58.01,0
174,1248,761.83,196.83,37.94,29.22,3
174,1253,717.30,121.39,23.58,21.99,3
174,1244,1037.34,453.16,31.25,53.23,0
174,1238,680.52,181.31,34.07,27.81,3
174,1228,707.39,148.72,27.46,20.16,3
175,1231,999.72,346.71,68.23,53.83,3
175,1246,755.51,174.88,33.19,23.77,3
175,1235,811.26,368.56,64.14,62.74,3
175,1251,1141.26,216.50,62.01,32.88,3
175,1232,771.12,223.53,47.03,34.12,3
175,1227,387.07,345.70,75.60,72.95,3
175,1252,606.92,669.41,223.50,94.83,3
175,1239,967.66,284.31,67.38,64.26,4
175,1242,1091.94,380.19,123.24,50.52,7
175,1245,1145.74,531.21,37.44,55.73,0
175,1248,762.43,197.33,38.12,29.43,3
175,1253,717.85,121.56,22.77,21.19,3
175,1244,1039.04,454.45,31.21,53.03,0
175,1238,679.89,180.01,34.75,28.55,3
175,1228,707.38,148.60,27.43,20.05,3
176,1246,755.71,175.26,33.17,23.76,3
176,1235,811.11,370.20,64.97,63.66,3
176,1251,1142.55,216.85,61.62,32.50,3
176,1232,770.40,223.58,47.28,34.23,3
176,1227,386.02,347.39,76.40,73.70,3
176,1252,605.28,664.36,226.47,100.26,3
176,1239,968.21,285.29,67.93,64.99,4
176,1242,1092.07,379.27,126.60,52.42,7
176,1245,1147.51,533.95,38.62,57.14,0
176,1248,762.84,197.28,38.67,29.92,3
176,1253,717.76,121.08,22.96,21.32,3
176,1244,1039.86,455.49,30.76,51.83,0
176,1238,680.43,180.37,34.11,28.07,3
176,1228,707.50,149.23,27.38,19.91,3
177,1235,812.05,371.60,64.22,63.02,3
177,1251,1142.41,217.47,62.87,33.11,3
177,1232,770.70,224.09,48.05,34.72,3
177,1227,384.83,348.02,76.88,74.19,3
177,1252,603.89,659.46,226.89,105.00,3
177,1239,968.55,286.32,68.53,65.44,4
177,1242,1090.26,377.75,133.27,55.98,7
177,1245,1149.66,536.63,40.05,58.93,0
177,1248,762.90,197.57,38.75,30.03,3
177,1253,718.39,120.52,22.74,21.08,3
177,1244,1040.64,455.72,31.70,53.38,0
177,1238,681.52,180.39,33.24,27.40,3
177,1228,707.31,148.75,27.56,20.00,3
177,1231,1002.32,348.61,69.25,54.69,3
178,1235,813.44,372.95,63.72,62.58,3
178,1251,1143.26,217.98,63.47,33.34,3
178,1232,770.65,224.65,48.29,34.81,3
178,1227,384.28,348.97,77.00,74.32,3
178,1252,604.07,654.96,225.89,109.38,3
178,1239,969.04,286.99,68.15,65.11,4
178,1242,1091.73,379.82,131.44,55.52,7
178,1245,1150.63,538.15,39.27,57.99,0
178,1248,761.92,197.72,39.09,30.36,3
178,1253,718.83,120.31,22.21,20.51,3
178,1244,1042.35,456.31,30.60,51.29,0
178,1238,681.15,179.97,33.40,27.54,3
178,1228,707.00,148.58,28.03,20.34,3
178,1231,1002.90,349.70,68.93,54.48,3
179,1235,813.73,374.40,63.97,62.80,3
179,1251,1143.67,217.92,64.67,34.02,3
179,1232,770.91,225.20,48.38,34.82,3
179,1227,383.44,349.98,77.01,74.36,3
179,1252,604.35,649.41,226.18,114.85,3
179,1239,972.35,287.76,68.07,65.45,4
179,1242,1093.53,380.41,132.31,56.29,7
179,1245,1151.24,540.68,39.05,58.11,0
179,1248,762.36,198.86,38.53,29.95,3
179,1253,718.37,120.11,22.27,20.47,3
179,1244,1043.30,456.32,31.67,53.12,0
179,1238,681.10,179.79,33.03,27.27,3
179,1228,707.03,148.44,28.23,20.47,3
179,1231,1003.98,351.12,69.49,54.97,3
