1,1082,638.38,587.94,93.90,139.42,3
1,1083,532.80,406.31,65.16,82.05,3
1,1084,802.11,238.98,75.36,44.08,4
1,1085,502.94,206.23,44.15,38.70,3
1,1086,679.96,298.88,49.07,43.24,3
1,1087,1102.58,447.46,109.84,95.16,3
1,1088,276.75,647.04,133.28,113.87,3
1,1089,881.93,208.84,38.69,30.05,3
2,1082,637.72,578.96,93.03,137.94,3
2,1083,528.40,415.16,68.02,83.39,3
2,1084,799.55,240.29,76.84,44.20,4
2,1085,501.70,206.91,44.47,39.18,3
2,1086,679.48,296.97,49.88,44.43,3
2,1087,1104.37,451.81,109.67,94.46,3
2,1088,259.89,669.36,139.61,96.74,3
2,1089,882.16,209.44,39.50,30.76,3
3,1082,636.82,570.39,92.52,134.17,3
3,1083,524.25,423.06,69.44,87.54,3
3,1084,798.36,241.55,76.30,44.93,4
3,1085,500.76,208.18,44.60,39.17,3
3,1086,679.20,295.56,49.46,43.02,3
3,1087,1106.67,456.26,110.64,92.75,3
3,1088,251.45,697.66,134.18,67.68,3
3,1089,882.42,210.18,40.20,30.84,3
4,1082,637.09,560.01,91.19,128.87,3
4,1083,519.82,432.85,72.55,91.85,3
4,1084,796.98,242.96,75.98,45.81,4
4,1085,500.05,208.97,44.98,39.25,3
4,1086,679.54,293.21,48.55,42.18,3
4,1087,1107.61,458.99,113.86,94.18,3
4,1088,240.05,727.48,131.18,37.58,3
4,1089,882.45,210.65,40.82,30.94,3
4,1090,737.82,154.94,34.01,24.05,3
4,1091,622.91,234.12,22.19,31.93,0
5,1083,514.75,442.25,74.88,97.85,3
5,1084,794.96,244.46,78.45,45.19,4
5,1085,499.24,209.62,45.10,39.37,3
5,1086,679.91,290.27,47.62,42.24,3
5,1087,1110.22,461.34,113.75,96.10,3
5,1088,231.90,750.34,129.27,15.02,3
5,1089,883.13,211.32,40.06,31.27,3
5,1090,737.99,155.55,34.06,24.30,3
5,1091,621.60,236.01,21.44,31.57,0
6,1084,794.59,245.56,76.46,44.59,4
6,1085,498.89,210.00,45.22,40.10,3
6,1086,679.54,288.27,47.80,41.63,3
6,1087,1112.06,463.87,116.03,97.44,3
6,1089,884.16,212.34,39.49,30.42,3
6,1090,737.71,155.68,34.21,24.32,3
6,1091,620.41,236.77,20.28,31.76,0
6,1082,636.16,539.37,88.58,123.45,3
7,1085,498.05,210.75,45.31,39.90,3
7,1086,679.81,286.57,47.47,40.73,3
7,1087,1120.01,468.67,112.46,96.82,3
7,1089,885.68,213.58,38.25,30.16,3
7,1090,738.36,156.58,33.59,24.40,3
7,1091,618.44,237.18,19.87,32.17,0
7,1094,761.12,219.72,40.11,35.97,3
7,1082,636.62,529.75,85.63,119.84,3
7,1083,505.80,464.81,78.17,103.88,3
8,1086,679.47,284.53,47.50,40.59,3
8,1087,1119.95,471.45,117.47,98.70,3
8,1089,886.00,214.22,38.53,30.35,3
8,1090,738.77,157.49,33.23,24.19,3
8,1091,617.07,237.73,19.40,31.00,0
8,1094,760.89,220.16,40.52,36.70,3
8,1082,637.06,521.13,83.87,116.99,3
8,1083,500.32,475.70,81.41,109.62,3
8,1084,792.57,248.08,77.59,46.36,4
9,1087,1119.56,474.47,121.93,100.54,3
9,1089,886.83,214.70,38.60,30.30,3
9,1090,739.15,158.19,33.19,23.92,3
9,1091,615.60,238.73,19.46,31.66,0
9,1094,760.98,221.52,40.88,37.24,3
9,1082,638.48,512.44,80.73,112.81,3
9,1083,495.74,488.83,83.86,112.98,3
9,1084,792.19,248.97,76.56,47.54,4
9,1085,497.45,212.11,44.34,39.53,3
10,1089,887.58,215.42,39.35,30.61,3
10,1090,739.21,158.43,33.29,23.85,3
10,1091,614.48,239.67,19.83,30.38,0
10,1094,761.91,222.10,41.09,37.48,3
10,1082,638.52,505.26,80.13,108.10,3
10,1083,489.65,500.35,86.52,120.11,3
10,1084,791.07,250.09,77.48,47.12,4
10,1095,535.17,286.01,57.75,53.64,3
10,1085,496.89,212.90,44.03,39.90,3
10,1086,679.76,279.36,45.73,40.87,3
11,1089,888.13,216.04,39.45,30.67,3
11,1090,739.21,158.53,33.32,23.99,3
11,1091,612.82,241.14,20.31,31.15,0
11,1094,762.10,222.79,40.70,37.40,3
11,1082,639.08,497.19,78.02,104.61,3
11,1083,483.75,513.66,89.28,124.93,3
11,1084,790.12,251.41,78.35,47.11,4
11,1095,532.26,290.93,57.30,54.63,3
11,1085,495.91,213.76,44.81,40.25,3
11,1086,679.79,277.32,45.15,40.47,3
11,1087,1137.09,481.22,109.11,102.13,3
12,1090,739.05,158.79,33.85,24.09,3
12,1091,610.78,241.33,20.86,32.33,0
12,1094,762.14,223.26,40.86,37.58,3
12,1082,639.13,490.92,76.82,101.08,3
12,1083,478.42,526.96,90.32,129.08,3
12,1084,789.75,252.53,77.44,47.98,4
12,1095,528.03,296.12,58.09,57.32,3
12,1085,495.56,214.48,44.42,40.11,3
12,1086,679.46,275.52,44.66,39.42,3
12,1087,1138.61,485.91,113.80,101.16,3
13,1091,608.36,241.91,21.81,33.18,0
13,1094,762.55,224.48,40.60,36.78,3
13,1082,639.06,483.30,76.13,97.27,3
13,1083,472.35,542.03,93.88,133.16,3
13,1084,789.03,253.63,77.29,48.85,4
13,1095,525.07,300.83,58.56,60.27,3
13,1085,495.33,215.40,44.13,40.12,3
13,1086,679.37,272.95,44.13,39.74,3
13,1087,1141.87,488.00,114.23,103.66,3
13,1089,888.51,217.20,40.09,31.30,3
14,1094,762.42,225.57,40.32,36.32,3
14,1082,639.21,476.32,75.64,95.25,3
14,1083,466.27,557.02,96.46,137.03,3
14,1084,787.83,254.73,78.86,48.44,4
14,1095,523.12,306.42,57.55,59.24,3
14,1085,494.44,215.82,44.34,40.80,3
14,1086,678.88,270.42,44.18,40.45,3
14,1087,1145.20,489.85,113.60,105.38,3
14,1089,889.03,217.82,40.18,31.30,3
14,1090,738.29,159.27,34.57,24.43,3
15,1082,639.61,469.58,74.41,91.58,3
15,1083,458.85,572.22,101.29,141.86,3
15,1084,787.95,255.66,77.31,49.18,4
15,1095,521.18,312.96,57.30,59.48,3
15,1085,493.58,216.12,45.11,41.17,3
15,1086,678.65,268.53,44.00,40.29,3
15,1087,1148.17,492.47,113.18,107.47,3
15,1089,889.73,218.34,40.06,31.29,3
15,1090,738.34,159.44,34.81,24.49,3
15,1091,605.02,243.16,22.10,33.08,0
16,1082,639.58,462.52,73.84,88.98,3
16,1084,787.03,256.49,77.49,49.60,4
16,1095,516.24,318.90,60.03,58.90,3
16,1085,493.18,216.86,44.69,41.25,3
16,1086,678.48,266.62,43.81,39.21,3
16,1087,1146.58,493.59,120.35,111.02,3
16,1089,889.88,218.95,40.77,31.08,3
16,1090,737.81,159.59,35.61,24.83,3
16,1091,603.75,243.52,21.29,33.26,0
16,1094,762.83,227.09,41.37,36.41,3
17,1082,638.79,455.92,74.47,86.63,3
17,1095,512.85,323.90,61.79,61.61,3
17,1085,492.38,217.87,44.75,41.26,3
17,1086,677.91,264.41,43.84,39.34,3
17,1087,1150.60,494.83,121.35,113.67,3
17,1089,890.24,219.63,40.88,31.70,3
17,1090,737.42,159.81,36.34,25.06,3
17,1091,601.04,244.04,21.25,33.35,0
17,1094,762.66,228.21,41.15,35.69,3
17,1083,447.40,605.98,103.96,152.16,3
18,1082,638.91,449.15,73.65,85.49,3
18,1085,491.97,218.61,44.60,41.18,3
18,1086,677.41,262.53,43.54,38.91,3
18,1087,1156.21,498.11,118.27,114.71,3
18,1089,890.41,220.09,41.08,32.14,3
18,1090,737.51,160.04,36.09,25.00,3
18,1091,599.22,244.75,21.24,33.79,0
18,1094,763.10,228.94,40.79,34.95,3
18,1083,439.88,624.38,108.67,143.15,3
18,1084,785.91,258.66,77.68,50.14,4
19,1082,638.64,443.64,72.88,83.53,3
19,1086,677.51,260.63,43.02,38.81,3
19,1087,1159.47,501.82,116.59,114.25,3
19,1089,890.76,220.82,41.45,32.39,3
19,1090,737.83,160.55,35.79,24.96,3
19,1091,597.61,245.21,21.50,34.32,0
19,1094,763.21,229.42,40.78,35.49,3
19,1083,434.66,643.74,109.46,125.78,3
19,1084,784.75,259.96,79.36,49.79,4
19,1095,506.45,337.05,61.59,63.72,3
20,1082,637.90,437.20,72.58,81.50,3
20,1087,1164.68,505.83,114.57,115.28,3
20,1089,890.79,221.56,42.35,32.55,3
20,1090,738.27,160.92,35.70,25.19,3
20,1091,595.67,246.83,22.29,33.45,0
20,1094,763.12,229.82,41.15,35.41,3
20,1083,423.10,662.80,117.91,107.97,3
20,1084,784.40,260.89,78.20,50.94,4
20,1095,501.97,343.15,63.49,67.08,3
20,1085,490.75,219.18,45.10,42.06,3
21,1082,638.20,432.09,72.13,78.86,3
21,1089,891.50,222.42,42.29,32.70,3
21,1090,738.45,161.59,35.36,24.92,3
21,1091,593.73,247.72,23.04,34.04,0
21,1094,762.99,230.31,41.31,35.45,3
21,1083,424.05,683.53,111.01,86.31,3
21,1084,784.74,262.21,76.90,50.68,4
21,1095,497.10,351.27,66.67,66.71,3
21,1085,489.60,219.61,45.49,42.50,3
21,1086,676.59,256.88,43.64,38.09,3
22,1089,891.96,223.31,42.18,32.43,3
22,1090,738.73,162.13,35.03,24.72,3
22,1091,591.46,248.60,23.09,34.53,0
22,1094,763.84,231.14,40.87,35.11,3
22,1083,420.03,704.88,109.81,63.67,3
22,1084,783.07,263.53,79.65,50.59,4
22,1095,492.27,357.86,70.02,69.94,3
22,1085,488.90,220.42,45.89,42.48,3
22,1086,676.15,255.01,43.44,37.88,3
22,1087,1173.76,512.38,115.62,117.43,3
23,1090,739.16,162.28,34.93,25.17,3
23,1091,588.83,249.21,24.09,34.92,0
23,1094,763.45,231.75,41.15,36.35,3
23,1083,421.51,728.11,101.21,39.10,3
23,1084,782.39,264.70,80.88,50.66,4
23,1095,486.01,364.96,73.32,70.42,3
23,1085,487.57,221.17,47.13,42.63,3
23,1086,675.85,252.91,43.56,38.00,3
23,1087,1180.64,518.08,111.09,116.26,3
23,1082,639.15,420.33,69.72,75.81,3
24,1094,763.15,232.46,41.71,36.85,3
24,1083,416.44,748.53,101.87,25.53,3
24,1084,782.07,265.69,81.21,50.87,4
24,1095,483.08,373.14,72.72,71.80,3
24,1085,486.39,221.89,47.69,42.58,3
24,1086,675.71,251.21,43.71,38.06,3
24,1087,1180.44,518.06,115.82,121.58,3
24,1096,1283.53,661.19,75.96,104.23,3
24,1097,681.40,693.62,103.97,71.72,3
24,1082,639.59,414.73,68.27,74.72,3
24,1089,893.82,224.50,41.83,32.80,3
25,1084,782.16,266.19,79.78,51.88,4
25,1095,478.15,381.18,74.83,72.41,3
25,1085,485.49,222.50,48.07,42.51,3
25,1086,676.01,249.31,43.89,38.38,3
25,1087,1184.94,524.48,117.71,120.09,3
25,1096,1289.76,667.81,70.92,97.86,3
25,1097,679.70,682.54,103.78,84.24,3
25,1082,639.35,409.05,67.28,73.32,3
25,1100,878.09,191.05,44.50,43.04,4
25,1089,894.19,225.17,41.45,32.46,3
25,1090,739.09,162.88,35.44,25.08,3
25,1091,586.23,250.37,22.07,33.69,0
26,1084,781.37,267.61,81.03,51.09,4
26,1086,675.74,247.53,44.19,37.85,3
26,1087,1189.56,528.55,116.74,120.12,3
26,1096,1303.64,683.21,57.20,80.45,3
26,1097,677.68,668.72,101.37,97.96,3
26,1082,639.27,404.15,66.43,71.27,3
26,1100,878.33,191.68,45.17,43.00,4
26,1089,894.37,225.53,42.13,33.18,3
26,1090,739.41,163.28,35.28,25.08,3
26,1091,585.43,251.60,20.82,33.61,0
26,1094,763.49,233.91,41.78,36.68,3
27,1084,780.86,268.76,82.11,50.66,4
27,1096,1312.87,692.92,49.88,71.41,3
27,1100,879.21,192.20,45.32,42.86,4
27,1089,894.54,225.95,42.40,33.38,3
27,1090,739.54,163.62,35.49,24.94,3
27,1091,583.66,252.23,20.66,33.75,0
27,1094,763.96,234.36,41.31,37.24,3
27,1095,468.30,397.70,78.25,77.13,3
27,1085,484.01,223.90,48.48,42.86,3
28,1089,894.87,226.98,42.08,32.86,3
28,1090,739.44,163.92,35.64,25.09,3
28,1091,580.63,252.40,22.29,35.70,0
28,1094,764.32,234.97,41.17,37.76,3
28,1095,462.72,408.01,80.14,78.09,3
28,1085,483.21,224.53,48.50,43.15,3
28,1086,675.56,243.91,41.34,36.18,3
28,1087,1197.28,534.16,113.05,123.66,3
28,1097,673.23,641.50,99.99,121.45,3
28,1082,638.51,394.28,65.13,68.01,3
29,1089,895.02,227.73,42.67,32.72,3
29,1095,457.09,416.68,82.34,81.88,3
29,1085,481.86,225.46,49.17,43.39,3
29,1086,675.38,242.04,41.59,36.17,3
29,1087,1204.03,538.83,109.19,121.87,3
29,1097,672.58,630.70,97.81,130.45,3
29,1082,637.71,389.76,65.18,66.18,3
29,1084,781.98,270.61,79.20,51.49,4
29,1100,879.74,193.02,46.66,42.84,4
30,1086,675.49,240.39,40.41,34.98,3
30,1087,1209.10,545.16,111.34,120.75,3
30,1097,672.36,619.29,98.26,139.08,3
30,1082,637.66,384.86,64.64,65.33,3
30,1084,781.43,271.79,80.67,51.11,4
30,1100,880.11,193.32,46.87,43.08,4
30,1090,739.58,164.56,35.31,25.20,3
30,1091,576.81,254.10,22.66,35.35,0
30,1094,764.70,236.81,41.76,37.46,3
31,1082,638.70,380.25,62.87,63.63,3
31,1084,780.80,272.55,81.79,51.31,4
31,1100,881.43,194.32,45.23,42.79,4
31,1090,739.82,164.65,35.11,25.42,3
31,1091,573.49,255.13,24.39,35.64,0
31,1094,765.52,237.78,41.40,36.59,3
31,1089,896.48,229.03,42.97,32.74,3
31,1095,443.91,437.60,89.67,87.49,3
31,1085,480.65,226.88,49.56,43.81,3
32,1090,739.71,164.77,35.51,25.77,3
32,1091,571.35,255.26,24.45,36.06,0
32,1094,764.95,238.03,42.02,36.56,3
32,1089,897.39,229.44,42.77,32.77,3
32,1095,439.24,449.34,87.72,87.46,3
32,1085,480.10,227.50,49.47,43.46,3
32,1086,674.80,236.67,41.67,35.11,3
32,1097,671.24,597.18,94.17,134.70,3
32,1087,1215.19,551.35,113.35,126.14,3
33,1095,432.80,459.29,90.13,92.70,3
33,1085,478.89,228.01,50.33,44.08,3
33,1086,674.65,234.61,40.97,35.23,3
33,1097,672.37,588.15,92.38,127.92,3
33,1087,1219.35,554.75,113.35,127.60,3
33,1082,638.26,370.29,62.93,62.10,3
33,1084,780.54,274.07,83.09,51.21,4
33,1100,881.84,195.42,45.67,42.42,4
34,1095,425.91,470.99,91.75,97.35,3
34,1087,1231.93,564.89,105.11,118.14,3
34,1082,637.89,365.68,62.68,61.32,3
34,1084,780.52,274.74,83.58,51.68,4
34,1100,882.79,195.62,45.24,42.51,4
34,1090,739.79,165.40,35.42,25.66,3
34,1091,568.45,256.62,21.94,35.04,0
34,1094,766.32,239.24,40.29,36.66,3
34,1089,898.79,230.51,42.47,32.80,3
35,1090,739.84,165.87,35.41,25.49,3
35,1091,566.48,257.20,21.88,35.19,0
35,1094,766.43,239.79,40.36,36.96,3
35,1089,899.42,230.50,42.40,33.91,3
35,1085,477.88,228.86,49.87,44.11,3
35,1086,675.32,231.03,39.63,34.08,3
35,1097,670.73,566.96,87.35,118.71,3
36,1090,739.94,166.10,35.25,25.29,3
36,1085,477.18,228.88,50.38,44.85,3
36,1086,674.96,229.26,39.92,33.62,3
36,1097,670.02,553.38,84.20,115.27,3
36,1095,410.59,497.30,97.26,103.40,3
36,1082,636.94,356.67,60.39,60.37,3
36,1084,783.21,276.34,78.84,52.27,4
36,1100,883.27,196.47,44.44,42.16,4
36,1087,1238.44,573.68,105.19,121.51,3
37,1090,739.88,166.34,35.44,24.94,3
37,1097,670.30,544.10,81.62,110.31,3
37,1102,1181.84,440.61,169.45,68.97,3
37,1095,401.13,510.86,101.54,109.21,3
37,1082,636.73,352.66,59.94,58.76,3
37,1084,782.34,277.06,81.17,51.98,4
37,1100,883.94,196.95,43.73,42.11,4
37,1087,1245.75,576.04,106.02,123.70,3
37,1091,561.39,258.34,22.94,34.85,0
37,1094,766.36,240.97,41.10,36.91,3
37,1089,900.43,231.61,42.07,33.21,3
38,1097,669.05,531.69,81.21,107.59,3
38,1082,637.45,348.16,58.29,57.98,3
38,1084,781.73,277.85,82.56,52.37,4
38,1100,884.52,197.16,43.49,42.24,4
38,1087,1250.76,579.85,105.43,124.87,3
38,1091,559.41,259.19,23.44,34.65,0
38,1094,766.53,241.39,41.19,36.61,3
38,1089,901.22,231.92,42.04,33.39,3
38,1085,475.43,229.83,50.82,44.53,3
38,1086,674.45,225.68,40.17,33.42,3
39,1097,668.65,522.32,79.26,102.99,3
39,1100,885.08,197.40,43.63,42.42,4
39,1087,1240.55,577.20,118.45,135.41,3
39,1091,556.39,260.11,24.00,34.74,0
39,1094,766.24,241.54,42.45,38.12,3
39,1089,901.38,232.54,42.19,33.41,3
39,1085,475.24,230.27,50.23,44.70,3
39,1086,674.95,223.69,39.66,33.24,3
39,1090,740.06,166.48,35.39,25.38,3
39,1095,384.68,537.13,107.14,124.94,3
39,1102,1192.07,451.91,161.40,61.63,3
40,1097,667.83,512.98,78.03,99.34,3
40,1094,765.95,241.74,43.23,39.05,3
40,1089,902.01,232.89,42.18,33.62,3
40,1085,475.20,230.49,49.24,44.68,3
40,1086,674.73,221.94,39.33,33.01,3
40,1090,739.99,166.69,35.54,25.40,3
40,1095,372.63,552.01,115.16,130.24,3
40,1102,1196.75,456.57,158.64,59.18,3
40,1082,637.41,339.56,56.50,57.31,3
40,1084,782.79,279.34,81.54,52.78,4
41,1085,474.70,230.78,48.90,44.79,3
41,1086,675.06,220.18,38.55,32.61,3
41,1090,740.28,166.89,35.56,25.35,3
41,1095,362.88,568.44,118.24,137.20,3
41,1102,1198.06,458.70,162.19,57.06,3
41,1082,637.43,335.71,56.59,56.58,3
41,1084,783.03,280.12,81.95,52.91,4
41,1100,886.59,198.18,43.29,42.55,4
41,1091,552.92,261.62,22.59,34.34,0
42,1085,474.00,231.22,49.04,44.97,3
42,1086,675.56,218.78,36.82,31.98,3
42,1082,636.56,331.84,56.29,56.02,3
42,1084,783.11,280.97,82.32,52.64,4
42,1100,886.56,198.63,43.83,42.84,4
42,1091,551.70,261.37,21.30,34.98,0
42,1097,666.72,497.57,75.93,90.43,3
42,1089,903.38,233.47,42.54,34.14,3
42,1094,766.46,242.68,43.51,38.90,3
43,1086,675.49,216.93,36.86,31.99,3
43,1100,886.41,198.81,44.44,42.80,4
43,1091,549.70,261.93,21.10,35.09,0
43,1089,903.55,233.74,43.06,34.92,3
43,1094,767.22,243.82,42.15,38.56,3
43,1090,740.23,167.19,36.03,25.47,3
43,1087,1247.53,592.75,114.35,127.18,3
43,1095,341.97,601.12,128.07,153.65,3
44,1086,675.72,214.92,36.93,32.43,3
44,1100,886.69,198.97,44.86,42.92,4
44,1091,546.78,262.20,22.62,36.39,0
44,1087,1252.76,593.85,109.40,130.75,3
44,1095,338.10,617.77,124.40,147.03,3
44,1085,473.18,232.09,48.69,45.20,3
44,1082,637.05,324.04,54.07,54.08,3
44,1084,783.73,282.57,82.18,53.06,4
44,1097,666.25,478.42,69.97,89.14,3
45,1100,887.16,199.06,44.86,43.08,4
45,1085,472.44,232.34,48.83,45.23,3
45,1082,637.45,320.13,53.35,53.66,3
45,1084,784.54,283.24,81.71,53.20,4
45,1097,665.69,469.20,68.51,88.04,3
45,1089,904.37,234.37,43.48,34.66,3
45,1094,767.24,244.30,43.53,39.44,3
45,1090,740.16,167.40,36.59,25.66,3
46,1097,665.05,459.94,67.72,87.24,3
46,1089,904.54,234.76,43.67,34.45,3
46,1094,767.58,244.51,43.76,39.93,3
46,1090,739.99,167.51,37.08,25.71,3
46,1086,674.86,211.39,38.22,31.80,3
46,1091,542.00,263.02,24.49,36.53,0
46,1095,336.11,658.16,107.46,113.18,3
47,1086,674.79,210.15,37.91,31.32,3
47,1091,538.46,263.33,26.18,37.75,0
47,1095,325.59,682.31,108.52,89.16,3
47,1100,887.04,199.22,46.18,43.43,4
47,1085,471.07,233.17,49.41,45.79,3
47,1082,637.81,313.06,52.25,52.67,3
47,1084,784.64,284.22,82.13,54.76,4
48,1085,470.42,233.56,49.73,45.87,3
48,1082,637.79,309.50,51.75,51.86,3
48,1084,784.86,284.71,82.26,54.58,4
48,1097,662.10,444.55,69.17,82.77,3
48,1089,905.49,235.90,44.51,34.55,3
48,1094,768.07,245.29,43.83,39.73,3
48,1090,740.26,167.83,37.69,26.04,3
49,1104,962.86,246.49,88.15,39.34,7
49,1094,768.78,246.03,43.14,39.22,3
49,1090,740.11,167.95,38.15,26.19,3
49,1086,674.72,207.13,37.46,31.21,3
49,1091,535.07,264.98,24.70,36.94,0
49,1100,888.45,199.33,46.31,44.72,4
50,1100,888.70,199.40,47.00,45.05,4
50,1085,468.80,234.45,50.26,45.76,3
50,1082,638.30,302.52,51.28,51.19,3
50,1084,784.90,286.12,82.70,55.06,4
50,1097,661.60,431.55,64.89,78.07,3
50,1089,905.97,236.90,45.25,34.38,3
51,1089,906.10,237.50,46.23,34.44,3
51,1094,769.24,247.59,42.73,38.67,3
51,1090,740.30,168.45,37.95,26.50,3
51,1086,675.24,205.18,37.37,29.95,3
51,1091,531.51,266.25,22.57,36.36,0
51,1104,962.36,248.70,90.91,38.98,7
52,1104,964.38,249.70,91.55,38.77,7
52,1100,888.90,200.46,47.19,44.96,4
52,1085,466.48,235.53,51.23,46.27,3
52,1082,638.99,296.10,50.57,50.17,3
52,1084,783.10,287.51,85.53,56.49,4
52,1097,659.90,418.69,64.60,73.93,3
53,1097,659.32,412.87,63.42,71.28,3
53,1089,906.20,238.11,47.46,35.61,3
53,1094,769.17,248.68,43.20,38.92,3
53,1090,740.33,168.86,37.87,26.54,3
53,1086,675.15,202.34,37.50,29.44,3
53,1091,527.34,268.38,23.30,35.45,0
54,1091,525.16,269.49,23.49,35.72,0
54,1104,964.36,250.30,91.83,39.46,7
54,1100,889.23,200.83,47.59,45.62,4
54,1085,464.55,236.93,51.67,46.24,3
54,1082,639.32,289.99,50.53,48.83,3
54,1084,782.38,290.15,86.39,55.64,4
55,1084,782.31,291.20,86.90,55.60,4
55,1097,657.65,401.82,62.27,68.22,3
55,1089,906.71,239.43,48.00,35.99,3
55,1094,768.66,249.63,43.82,39.27,3
55,1090,740.37,169.44,37.71,26.51,3
55,1086,674.74,199.53,37.86,30.20,3
56,1090,740.43,169.62,38.16,26.28,3
56,1086,674.03,198.02,38.51,30.44,3
56,1091,519.72,269.80,25.04,37.52,0
56,1104,967.52,250.84,89.11,39.95,7
56,1100,890.79,201.59,46.59,45.98,4
56,1085,463.03,238.08,51.73,46.62,3
56,1082,640.68,284.27,48.32,47.27,3
57,1090,740.77,169.94,37.63,26.52,3
57,1085,462.83,238.50,51.63,46.51,3
57,1082,641.23,281.19,47.66,47.02,3
57,1084,781.67,292.74,88.39,55.90,4
57,1097,657.77,391.48,59.65,64.60,3
57,1089,907.27,240.68,47.92,35.99,3
57,1094,768.73,250.67,44.03,39.32,3
58,1097,656.41,385.89,60.26,63.18,3
58,1089,907.52,240.78,48.07,36.47,3
58,1094,769.05,251.07,43.86,39.46,3
58,1086,673.56,195.44,37.97,30.78,3
58,1091,516.89,270.58,22.63,37.22,0
58,1100,892.65,203.28,45.31,44.88,4
58,1104,968.25,253.18,88.71,39.16,7
59,1086,674.13,194.42,35.93,29.61,3
59,1091,514.53,271.09,22.14,37.39,0
59,1100,892.90,203.61,45.51,45.25,4
59,1104,968.26,254.21,89.46,38.86,7
59,1090,740.48,170.42,37.20,26.01,3
59,1085,461.94,239.52,51.69,47.01,3
59,1082,641.68,275.88,47.29,45.67,3
59,1084,780.47,294.55,88.36,57.05,4
60,1086,674.08,193.04,35.80,29.91,3
60,1104,969.02,254.46,89.65,39.21,7
60,1090,740.56,170.68,37.26,26.14,3
60,1085,461.28,240.49,52.05,46.78,3
60,1082,641.47,272.88,47.83,46.40,3
60,1084,780.46,295.55,87.63,57.47,4
60,1097,655.43,375.22,58.13,61.51,3
60,1089,909.21,242.00,47.86,36.51,3
60,1094,769.03,253.34,44.31,38.65,3
60,1102,1236.29,482.31,121.39,87.39,3
61,1090,741.02,171.14,36.27,25.87,3
61,1085,460.59,241.43,52.13,46.44,3
61,1082,640.88,270.49,48.08,45.36,3
61,1084,779.11,296.74,88.64,57.46,4
61,1097,655.25,370.44,57.43,59.95,3
61,1089,909.62,242.62,47.62,36.58,3
61,1094,768.90,253.86,44.55,39.63,3
61,1102,1238.78,484.77,118.65,84.34,3
61,1091,509.88,273.93,22.48,36.93,0
61,1100,892.96,204.32,46.94,46.16,4
62,1082,641.69,267.73,47.10,45.32,3
62,1084,775.86,297.92,91.36,58.36,4
62,1097,655.47,365.88,56.88,58.96,3
62,1089,909.80,243.18,47.69,36.62,3
62,1094,768.96,254.49,44.59,39.49,3
62,1102,1240.69,487.89,117.70,84.80,3
62,1091,507.29,274.65,23.92,37.87,0
62,1100,893.29,204.71,47.09,46.20,4
62,1104,970.61,255.15,89.10,39.94,7
62,1086,673.25,191.45,35.95,30.15,3
63,1082,642.24,265.38,46.95,45.29,3
63,1084,774.59,299.22,92.47,58.95,4
63,1094,769.20,255.06,44.18,39.67,3
63,1102,1243.30,494.45,113.99,80.29,3
63,1091,504.32,276.14,24.28,37.51,0
63,1100,893.44,205.40,47.14,45.95,4
63,1104,970.01,256.02,90.64,40.16,7
63,1086,672.88,190.77,35.41,29.35,3
63,1090,741.36,172.03,36.59,25.70,3
63,1085,458.20,242.63,53.44,46.57,3
64,1082,642.02,262.79,47.24,44.18,3
64,1084,773.75,300.25,93.07,58.70,4
64,1091,502.34,276.77,24.06,37.55,0
64,1100,893.22,206.09,47.44,45.92,4
64,1104,971.38,256.81,89.77,40.18,7
64,1086,673.02,190.25,35.14,28.56,3
64,1106,604.25,179.99,34.35,32.21,3
64,1090,741.26,172.27,36.23,26.17,3
64,1085,457.81,243.28,52.83,46.56,3
64,1097,656.05,357.15,54.24,56.36,3
64,1089,911.04,244.56,46.34,36.16,3
65,1082,642.73,260.09,46.88,43.51,3
65,1084,775.03,301.48,90.58,58.78,4
65,1104,972.53,258.25,89.45,39.92,7
65,1086,672.59,189.09,35.65,28.12,3
65,1106,603.43,182.04,35.10,33.02,3
65,1090,741.42,172.61,36.55,26.74,3
65,1085,457.41,243.90,52.56,46.85,3
65,1097,655.38,353.07,54.61,54.71,3
65,1089,911.75,245.33,46.50,36.30,3
65,1094,769.70,256.98,44.02,39.10,3
65,1102,1247.68,501.57,111.38,80.98,3
66,1082,644.50,258.27,45.77,43.11,3
66,1086,672.82,188.69,35.96,27.80,3
66,1106,603.48,184.07,35.04,33.11,3
66,1090,741.57,173.08,37.46,26.85,3
66,1085,457.74,244.98,53.25,47.34,3
66,1097,656.38,348.67,53.90,54.39,3
66,1089,912.97,246.29,47.33,36.45,3
66,1094,770.06,257.84,45.53,39.85,3
66,1102,1253.35,503.62,105.23,80.50,3
66,1100,895.07,207.35,47.87,46.11,4
66,1091,500.32,278.02,22.88,38.66,0
67,1082,645.11,255.80,45.62,42.71,3
67,1086,672.52,187.45,37.54,28.61,3
67,1085,457.70,245.70,53.33,47.40,3
67,1097,656.99,344.03,54.18,56.13,3
67,1089,914.66,247.13,47.13,36.66,3
67,1094,770.32,258.22,46.51,40.19,3
67,1102,1258.84,507.64,99.69,79.10,3
67,1100,896.70,207.89,47.62,46.07,4
67,1091,497.06,274.48,23.45,43.14,0
67,1084,774.19,303.07,92.22,59.27,4
67,1104,975.23,259.90,90.46,40.12,7
68,1086,672.28,186.27,37.64,28.85,3
68,1089,915.65,247.93,47.27,37.06,3
68,1094,770.04,258.52,47.13,40.78,3
68,1102,1261.37,509.88,96.39,79.06,3
68,1100,896.69,208.50,48.08,46.61,4
68,1091,495.32,278.12,22.72,40.36,0
68,1084,775.11,304.67,90.47,58.28,4
68,1104,975.27,260.43,92.87,40.28,7
68,1106,602.25,188.20,37.43,33.90,3
68,1090,741.96,173.79,38.50,26.56,3
69,1086,672.26,185.16,37.85,28.92,3
69,1102,1263.38,509.98,95.81,81.57,3
69,1100,896.94,208.79,48.25,47.30,4
69,1091,493.61,280.65,22.74,38.40,0
69,1084,775.58,306.28,89.73,57.68,4
69,1104,976.80,261.01,92.71,40.24,7
69,1106,601.69,190.46,37.58,34.22,3
69,1090,742.09,174.04,38.89,26.66,3
69,1082,646.52,250.90,44.24,42.67,3
69,1085,456.12,246.84,54.31,47.61,3
69,1097,656.06,336.37,53.55,52.51,3
70,1086,672.01,183.99,38.55,28.96,3
70,1102,1265.84,510.83,93.59,83.12,3
70,1100,897.29,209.16,48.46,47.48,4
70,1091,491.92,281.20,22.76,38.83,0
70,1106,600.91,192.66,37.61,34.34,3
70,1090,742.00,174.36,38.57,26.55,3
70,1082,647.52,248.87,43.02,42.50,3
70,1085,455.61,247.53,53.89,47.16,3
70,1097,656.22,332.40,52.55,51.23,3
70,1089,916.63,249.18,47.47,36.96,3
70,1094,770.40,260.13,46.46,40.57,3
71,1086,672.67,183.29,38.38,28.63,3
71,1091,489.31,283.49,23.41,37.82,0
71,1106,599.59,194.38,38.28,35.14,3
71,1090,742.11,174.54,38.81,26.72,3
71,1082,648.58,246.84,41.99,41.36,3
71,1085,455.21,247.86,53.85,47.54,3
71,1097,656.63,328.68,52.02,50.33,3
71,1089,916.76,249.69,48.52,37.81,3
71,1094,770.85,260.81,46.91,41.02,3
71,1084,774.29,308.67,89.63,58.93,4
71,1104,979.21,263.11,90.19,40.02,7
72,1086,672.60,182.60,39.02,28.49,3
72,1090,741.91,174.74,39.09,27.04,3
72,1082,648.46,244.89,42.70,40.96,3
72,1085,454.35,248.29,54.18,47.65,3
72,1097,657.16,325.07,50.79,49.46,3
72,1089,916.85,250.24,48.49,37.49,3
72,1094,771.22,261.68,46.78,40.56,3
72,1084,773.67,310.00,90.09,59.50,4
72,1104,978.91,263.41,91.82,40.85,7
72,1102,1269.03,515.17,90.50,84.50,3
72,1100,897.80,209.98,48.87,47.27,4
73,1082,648.31,242.76,43.14,41.17,3
73,1085,453.94,248.94,53.57,47.12,3
73,1097,657.07,321.07,49.81,49.12,3
73,1089,917.61,250.88,48.04,37.41,3
73,1094,771.32,262.36,47.13,41.33,3
73,1084,772.33,311.06,90.57,60.24,4
73,1104,979.57,264.11,92.77,41.17,7
73,1102,1272.07,518.58,87.49,87.46,3
73,1100,898.75,210.70,47.88,46.89,4
73,1091,484.75,287.70,23.42,35.32,0
73,1106,597.34,199.09,38.76,35.72,3
74,1082,649.46,240.78,42.81,41.05,3
74,1089,918.86,251.56,47.92,37.67,3
74,1094,772.22,263.11,47.29,41.14,3
74,1084,771.88,311.96,91.04,60.62,4
74,1104,980.66,264.58,94.04,41.82,7
74,1102,1277.08,523.47,82.73,85.61,3
74,1100,899.83,211.33,47.71,46.84,4
74,1091,483.80,287.03,22.85,36.85,0
74,1106,597.68,201.39,38.16,36.01,3
74,1090,742.74,175.84,39.03,26.80,3
74,1086,673.28,181.29,38.39,27.35,3
75,1082,652.33,239.17,43.07,40.18,3
75,1089,922.59,252.51,47.92,37.47,3
75,1104,985.33,266.33,93.87,41.59,7
75,1102,1282.91,527.10,77.66,87.97,3
75,1100,902.39,212.49,49.24,46.50,4
75,1091,484.44,286.98,22.52,36.88,0
75,1106,598.98,203.79,38.95,36.27,3
75,1090,745.96,176.34,39.27,26.69,3
75,1086,676.84,180.88,36.90,26.77,3
75,1085,457.05,250.17,53.65,47.15,3
75,1097,659.32,313.53,50.76,47.86,3
76,1082,655.87,237.88,42.12,39.32,3
76,1089,926.29,253.54,48.66,37.73,3
76,1104,989.03,267.47,93.72,41.55,7
76,1091,486.03,287.98,21.43,37.94,0
76,1106,600.99,206.14,40.00,36.49,3
76,1090,749.70,176.80,38.69,26.94,3
76,1086,680.94,180.43,35.81,26.64,3
76,1085,459.64,251.20,53.91,47.26,3
76,1097,662.00,310.03,50.29,47.00,3
76,1094,779.51,265.70,46.39,40.07,3
76,1084,776.19,315.15,91.48,62.08,4
77,1082,657.15,235.62,41.85,39.28,3
77,1104,989.58,268.12,93.70,41.83,7
77,1091,484.84,289.28,21.37,37.09,0
77,1106,601.17,208.68,39.36,36.73,3
77,1090,750.48,176.93,38.32,26.98,3
77,1086,681.60,179.53,35.89,26.82,3
77,1085,459.24,251.97,54.20,47.63,3
77,1097,662.86,306.44,48.69,46.76,3
77,1094,780.52,266.39,45.81,39.82,3
77,1084,775.55,316.94,91.58,61.58,4
77,1100,908.51,213.50,48.83,47.71,4
77,1102,1294.88,531.96,64.78,86.60,3
78,1082,656.46,234.01,42.85,38.97,3
78,1091,483.23,293.66,20.80,35.04,0
78,1106,599.49,211.00,40.55,36.94,3
78,1090,750.47,177.06,38.19,27.23,3
78,1086,681.51,178.58,36.17,27.09,3
78,1085,458.04,252.93,55.00,48.10,3
78,1097,662.90,303.00,47.94,46.68,3
78,1094,780.08,267.23,46.07,40.77,3
78,1084,773.69,318.18,92.24,62.75,4
78,1100,909.01,214.19,48.95,47.93,4
78,1102,1298.00,538.12,61.39,83.20,3
78,1089,927.90,254.93,48.97,38.39,3
79,1082,656.47,232.84,43.00,38.36,3
79,1091,479.33,293.78,22.38,36.32,0
79,1090,750.86,177.42,37.89,27.23,3
79,1086,681.85,178.12,35.90,26.68,3
79,1085,457.55,253.81,54.89,48.55,3
79,1097,662.71,300.05,47.89,44.86,3
79,1094,780.03,267.84,46.55,41.23,3
79,1084,771.60,319.44,93.66,63.16,4
79,1100,909.12,214.85,49.48,47.87,4
79,1102,1299.73,542.69,59.57,81.03,3
79,1089,928.35,255.75,48.88,38.41,3
79,1104,990.42,269.32,93.46,42.00,7
80,1082,657.35,230.75,42.35,38.54,3
80,1090,750.84,177.86,37.65,27.47,3
80,1086,682.13,177.12,35.41,26.48,3
80,1085,457.29,254.79,54.69,48.51,3
80,1097,663.18,296.65,46.82,44.73,3
80,1094,780.41,268.62,46.33,41.97,3
80,1084,770.59,320.66,93.83,62.67,4
80,1100,908.71,215.44,50.19,48.55,4
80,1102,1302.25,544.40,56.83,84.53,3
80,1089,928.71,256.79,49.23,38.13,3
80,1104,991.49,269.44,93.42,42.96,7
80,1106,597.40,216.26,40.25,37.95,3
81,1082,658.01,229.26,40.81,37.10,3
81,1090,750.78,178.48,37.79,27.33,3
81,1086,682.06,176.34,35.24,26.45,3
81,1085,456.29,255.50,55.38,48.98,3
81,1097,663.17,293.74,46.19,43.99,3
81,1094,780.42,269.70,46.69,41.62,3
81,1084,769.08,322.13,94.23,63.54,4
81,1100,909.07,216.05,50.56,48.88,4
81,1102,1304.19,544.08,55.21,88.75,3
81,1089,929.72,257.64,48.62,37.93,3
81,1104,991.46,270.16,93.97,43.34,7
81,1106,596.76,219.33,40.11,38.08,3
81,1091,475.08,297.55,22.98,34.39,0
82,1082,658.53,227.34,40.83,37.18,3
82,1090,750.61,179.02,38.18,27.12,3
82,1086,681.82,175.35,35.27,26.75,3
82,1085,455.03,256.17,56.12,49.78,3
82,1097,663.18,290.56,46.21,44.27,3
82,1094,780.46,270.48,46.69,41.69,3
82,1084,767.84,323.45,94.33,65.13,4
82,1100,910.16,216.78,50.51,48.32,4
82,1102,1304.93,544.19,54.70,96.84,3
82,1089,930.33,258.38,48.69,38.07,3
82,1104,993.89,272.06,93.41,42.37,7
82,1106,595.69,221.94,40.67,38.83,3
82,1091,471.79,297.11,22.87,35.99,0
83,1082,658.29,225.91,40.70,37.22,3
83,1090,750.27,179.36,39.08,27.53,3
83,1086,682.28,174.92,34.79,26.61,3
83,1085,454.40,256.78,55.79,50.20,3
83,1097,662.96,288.01,45.41,43.56,3
83,1094,781.15,271.51,45.95,41.39,3
83,1084,766.01,324.80,95.63,67.08,4
83,1100,910.38,216.89,51.21,49.69,4
83,1102,1309.16,545.14,50.68,100.11,3
83,1089,930.36,258.93,48.91,38.50,3
83,1104,995.51,273.78,93.42,40.51,7
83,1106,594.12,224.58,41.70,39.34,3
83,1091,469.27,298.54,22.37,35.09,0
84,1082,658.61,224.37,40.30,37.49,3
84,1090,750.21,179.60,39.41,27.79,3
84,1086,682.82,174.32,34.36,26.48,3
84,1085,453.93,257.27,55.77,50.03,3
84,1097,663.12,285.31,45.02,42.03,3
84,1094,780.97,271.92,46.56,41.86,3
84,1084,764.43,325.88,96.60,67.73,4
84,1100,910.87,217.84,50.95,48.52,4
84,1102,1311.91,550.19,47.59,97.49,3
84,1089,930.46,259.13,48.99,39.30,3
84,1104,995.74,274.41,94.90,41.23,7
84,1106,593.23,227.54,42.13,39.30,3
84,1091,466.73,301.03,21.89,34.07,0
85,1082,659.32,222.65,39.14,37.16,3
85,1090,750.33,180.10,39.43,27.77,3
85,1086,682.84,173.82,34.24,26.30,3
85,1085,453.09,257.65,55.84,50.13,3
85,1097,663.23,282.10,45.02,42.53,3
85,1094,781.47,272.47,46.00,41.46,3
85,1084,761.04,326.45,100.46,68.27,4
85,1100,911.15,218.43,50.74,48.26,4
85,1102,1313.49,542.50,46.18,108.09,3
85,1089,931.01,260.31,49.18,38.84,3
85,1104,996.49,274.83,94.03,40.23,7
85,1106,591.94,230.20,43.19,40.90,3
85,1091,462.81,299.67,23.24,37.38,0
86,1082,659.03,220.55,38.24,36.03,3
86,1090,750.52,180.66,39.14,27.80,3
86,1086,683.85,172.80,33.16,25.31,3
86,1085,452.43,258.07,55.81,50.57,3
86,1097,663.21,278.78,44.90,42.18,3
86,1094,782.15,273.08,45.92,41.94,3
86,1084,760.23,328.73,98.77,68.17,4
86,1100,911.41,218.98,50.64,47.90,4
86,1102,1314.79,538.87,44.66,113.20,3
86,1089,931.07,260.90,49.10,38.51,3
86,1104,995.59,275.19,95.85,41.46,7
86,1106,590.07,232.87,44.39,41.82,3
86,1091,461.16,299.51,23.19,37.90,0
87,1082,659.23,219.12,38.21,35.10,3
87,1090,750.41,181.15,39.58,27.78,3
87,1086,683.81,172.05,33.06,25.14,3
87,1085,451.36,258.74,56.28,51.40,3
87,1097,663.09,276.49,44.69,41.26,3
87,1094,782.37,274.50,46.06,41.33,3
87,1084,758.69,330.51,98.92,68.47,4
87,1100,912.12,219.70,50.32,48.07,4
87,1102,1317.18,537.97,43.05,121.42,3
87,1089,930.95,261.74,50.95,39.05,3
87,1104,995.24,275.49,97.90,42.87,7
87,1106,588.17,236.35,45.20,41.80,3
87,1091,458.87,302.81,23.07,35.73,0
88,1082,658.98,218.13,38.63,35.18,3
88,1086,683.32,171.45,33.58,25.31,3
88,1085,450.58,259.73,56.17,51.68,3
88,1097,663.25,274.11,44.51,40.43,3
88,1094,782.11,275.50,46.24,42.29,3
88,1084,754.07,331.51,103.79,70.11,4
88,1100,912.12,220.10,50.71,48.75,4
88,1102,1319.46,539.02,40.48,124.50,3
88,1089,931.55,262.50,51.71,39.75,3
88,1104,996.05,276.61,99.02,43.30,7
88,1106,585.95,239.24,46.44,42.90,3
88,1091,457.06,306.18,23.46,33.91,0
89,1082,658.85,216.63,38.61,35.75,3
89,1085,450.11,260.56,55.70,51.10,3
89,1097,663.23,270.88,43.66,40.32,3
89,1094,782.14,276.40,46.56,42.45,3
89,1084,751.32,334.15,103.76,69.13,4
89,1100,912.25,220.42,51.17,49.51,4
89,1102,1321.30,540.36,37.74,127.60,3
89,1089,932.03,263.29,51.76,40.05,3
89,1104,995.69,277.13,99.74,43.98,7
89,1106,584.31,242.63,47.23,43.40,3
89,1091,452.90,303.91,25.83,37.72,0
89,1090,750.49,181.83,39.99,28.08,3
90,1082,658.93,215.55,38.74,35.35,3
90,1097,663.59,268.57,43.38,39.63,3
90,1094,782.00,277.07,46.88,43.20,3
90,1084,749.65,335.78,102.15,69.95,4
90,1100,912.17,220.80,51.60,50.23,4
90,1102,1323.10,540.91,35.10,130.54,3
90,1089,932.33,263.94,52.57,40.49,3
90,1104,997.38,278.09,98.44,44.06,7
90,1106,582.61,246.63,47.81,43.97,3
90,1091,450.99,304.59,25.66,38.21,0
90,1090,750.60,182.19,39.68,28.18,3
90,1086,684.13,170.44,33.04,25.23,3
91,1097,663.66,266.83,42.88,38.53,3
91,1094,782.25,278.22,46.83,42.48,3
91,1084,749.91,338.47,99.20,69.28,4
91,1100,912.08,221.58,52.36,50.62,4
91,1102,1325.69,542.12,32.43,133.70,3
91,1089,933.53,264.99,51.88,40.39,3
91,1104,999.31,278.70,97.50,44.82,7
91,1106,581.51,249.84,49.01,45.06,3
91,1091,449.54,304.17,23.83,39.47,0
91,1090,750.80,182.52,39.92,28.16,3
91,1086,683.77,169.63,33.21,25.29,3
91,1085,448.87,262.57,56.39,51.25,3
92,1094,782.71,278.86,47.11,42.36,3
92,1084,746.24,339.71,102.18,71.29,4
92,1100,912.20,222.51,52.65,50.30,4
92,1102,1327.36,542.61,29.74,136.65,3
92,1089,934.03,265.83,51.64,39.83,3
92,1104,1000.86,280.36,96.73,44.05,7
92,1106,580.05,253.78,48.54,45.55,3
92,1091,449.21,307.86,20.88,36.30,0
92,1090,750.84,183.08,39.68,27.92,3
92,1086,684.14,168.63,33.12,25.42,3
92,1085,449.16,263.37,55.44,51.27,3
92,1082,659.98,212.46,36.94,34.36,3
93,1084,743.46,341.98,104.09,70.79,4
93,1100,913.28,223.10,52.40,50.18,4
93,1102,1330.34,543.43,27.18,139.83,3
93,1089,934.75,266.46,51.83,39.87,3
93,1104,1000.33,281.34,98.52,43.95,7
93,1106,578.90,257.60,48.50,46.10,3
93,1091,446.06,307.66,20.81,38.59,0
93,1090,750.84,183.51,39.88,27.90,3
93,1086,684.28,167.73,33.27,25.37,3
93,1085,448.53,264.23,55.16,51.29,3
93,1082,660.28,211.09,36.85,33.52,3
93,1097,664.14,260.99,43.29,38.83,3
94,1100,914.05,224.08,51.65,49.36,4
94,1089,935.28,267.06,52.33,40.71,3
94,1104,1003.53,283.56,95.28,42.35,7
94,1106,577.16,261.47,49.36,47.05,3
94,1091,443.86,308.37,20.54,38.95,0
94,1090,751.14,183.87,39.43,27.83,3
94,1086,684.76,167.27,32.49,25.01,3
94,1085,447.26,264.73,56.00,51.65,3
94,1082,660.26,210.09,37.17,33.03,3
94,1097,664.80,258.92,42.78,38.07,3
94,1094,782.77,280.50,47.31,43.18,3
95,1100,914.75,224.41,51.37,50.09,4
95,1104,1002.95,284.44,96.80,42.86,7
95,1091,441.41,309.26,20.30,39.32,0
95,1090,751.39,184.32,39.52,27.68,3
95,1086,683.91,167.38,33.16,24.61,3
95,1085,447.22,265.54,55.66,51.53,3
95,1082,660.04,209.23,36.80,33.14,3
95,1097,665.07,256.76,43.20,38.00,3
95,1094,783.01,281.13,46.66,43.48,3
95,1084,741.16,346.14,100.48,69.96,4
96,1100,915.30,224.95,51.43,50.08,4
96,1104,1002.81,284.47,98.61,44.36,7
96,1090,751.60,184.80,39.45,28.30,3
96,1086,684.32,167.29,32.90,24.18,3
96,1085,445.94,266.44,56.49,52.07,3
96,1082,660.09,208.02,36.97,33.35,3
96,1097,665.36,254.44,43.05,37.56,3
96,1094,783.62,281.88,47.07,44.03,3
96,1084,738.92,349.34,100.15,68.80,4
96,1089,936.57,268.25,51.87,41.56,3
96,1106,573.36,269.90,51.47,48.63,3
97,1100,915.73,225.67,51.35,49.99,4
97,1090,751.39,185.34,39.74,28.19,3
97,1086,684.43,166.63,32.94,24.19,3
97,1085,445.57,267.17,56.93,52.66,3
97,1082,659.80,206.97,37.10,33.13,3
97,1097,666.11,251.88,42.25,37.13,3
97,1094,783.83,282.88,48.24,43.55,3
97,1084,735.03,351.09,101.53,70.53,4
97,1089,936.27,269.65,52.66,40.19,3
97,1106,570.72,274.54,54.44,48.97,3
97,1091,434.49,307.38,23.98,43.98,0
98,1100,916.39,226.41,51.40,49.74,4
98,1090,751.43,185.95,39.83,28.24,3
98,1085,444.75,268.24,57.03,53.21,3
98,1082,660.59,205.72,36.48,32.13,3
98,1097,667.24,250.29,40.70,35.54,3
98,1094,783.85,284.27,47.91,43.67,3
98,1084,732.23,353.60,100.79,71.05,4
98,1089,936.42,270.77,53.93,40.61,3
98,1106,568.85,278.83,54.10,50.00,3
98,1091,432.35,309.57,23.75,42.91,0
98,1104,1006.52,285.89,96.69,45.15,7
99,1100,917.39,227.03,51.37,50.00,4
99,1090,751.70,186.41,39.44,28.25,3
99,1082,660.30,204.31,35.91,32.08,3
99,1097,667.23,247.64,41.58,36.13,3
99,1094,784.29,285.22,48.10,44.43,3
99,1084,729.15,356.47,101.08,70.39,4
99,1089,937.50,271.44,53.59,40.89,3
99,1106,566.35,283.05,55.38,51.22,3
99,1091,430.75,311.67,23.57,41.90,0
99,1104,1006.50,287.05,97.45,44.76,7
99,1086,686.69,165.76,30.88,23.48,3
100,1100,917.26,227.66,52.02,50.43,4
100,1090,751.77,186.63,39.59,27.81,3
100,1082,659.66,202.90,36.50,32.47,3
100,1094,784.76,285.99,47.55,44.06,3
100,1084,723.93,357.88,104.95,73.12,4
100,1089,938.16,272.16,53.73,40.87,3
100,1106,564.28,288.13,55.56,52.21,3
100,1091,427.36,311.78,24.58,43.09,0
100,1104,1007.39,288.79,98.25,43.61,7
100,1086,686.96,164.82,30.82,23.47,3
100,1085,442.20,269.79,57.84,53.28,3
101,1100,917.72,228.10,51.49,50.68,4
101,1082,660.09,201.69,36.72,31.66,3
101,1084,721.27,360.51,104.63,73.29,4
101,1089,938.59,272.93,53.38,40.76,3
101,1106,562.66,293.10,54.96,53.29,3
101,1091,425.08,312.44,24.76,43.05,0
101,1104,1007.17,290.80,98.57,42.69,7
101,1086,687.55,164.21,30.39,23.10,3
101,1085,441.56,270.76,57.90,53.52,3
101,1097,668.62,243.61,40.12,34.98,3
102,1100,918.34,228.92,51.23,50.65,4
102,1082,660.27,200.63,36.70,32.39,3
102,1084,715.14,361.93,108.53,75.80,4
102,1106,559.06,297.80,60.17,54.80,3
102,1091,422.11,314.87,23.40,42.57,0
102,1104,1006.84,289.51,100.25,45.22,7
102,1086,688.03,163.95,29.84,22.89,3
102,1085,440.49,271.98,58.33,54.01,3
102,1097,668.98,242.34,39.70,33.78,3
102,1090,751.91,187.33,39.25,28.20,3
102,1094,784.56,287.69,48.54,44.85,3
103,1100,918.76,229.20,52.06,51.19,4
103,1084,713.24,365.55,106.55,75.33,4
103,1106,556.95,302.88,60.98,56.88,3
103,1104,1007.50,292.63,100.34,42.29,7
103,1086,688.65,163.54,29.67,22.69,3
103,1085,440.03,273.23,58.33,54.18,3
103,1097,669.61,240.66,38.69,33.91,3
103,1090,752.37,187.78,39.22,28.27,3
103,1094,785.32,288.21,47.83,46.22,3
103,1089,938.96,274.94,53.93,41.30,3
104,1100,919.53,230.16,52.52,51.27,4
104,1106,554.26,308.80,60.96,57.64,3
104,1086,688.54,163.31,29.92,22.52,3
104,1085,439.38,274.31,58.17,54.21,3
104,1097,669.66,238.88,39.33,33.57,3
104,1090,752.32,188.36,39.49,28.48,3
104,1094,785.39,289.48,47.89,45.62,3
104,1089,939.15,275.84,54.26,42.09,3
104,1082,660.01,198.66,36.54,31.75,3
105,1100,919.55,230.81,53.16,51.41,4
105,1106,551.62,314.55,61.70,58.75,3
105,1097,670.36,237.23,38.88,33.84,3
105,1090,752.69,188.72,39.20,28.88,3
105,1094,785.56,290.54,48.43,45.41,3
105,1089,939.86,276.25,54.39,42.57,3
105,1082,660.44,197.19,36.24,31.03,3
105,1084,705.67,370.93,105.92,76.55,4
105,1104,1009.99,299.40,100.41,38.34,7
106,1100,919.46,231.61,54.12,51.24,4
106,1106,549.59,320.16,60.81,61.30,3
106,1094,785.59,291.99,48.68,45.29,3
106,1089,941.72,277.41,53.02,41.69,3
106,1082,660.56,196.12,36.11,30.94,3
106,1084,701.64,374.13,105.87,76.55,4
106,1104,1009.45,298.46,102.11,40.76,7
106,1085,438.38,275.87,58.17,54.81,3
106,1086,689.28,162.37,29.47,22.21,3
107,1100,920.21,232.27,53.96,51.69,4
107,1106,547.06,326.71,63.27,62.13,3
107,1094,785.56,293.31,48.76,46.08,3
107,1084,697.16,377.48,105.98,76.58,4
107,1104,1010.08,296.94,102.85,43.79,7
107,1085,437.37,276.81,58.74,55.85,3
107,1086,689.15,161.78,29.84,22.54,3
107,1097,670.99,233.68,38.07,33.46,3
107,1090,752.58,189.70,39.87,29.37,3
108,1100,921.59,233.00,54.28,52.11,4
108,1084,692.51,379.48,108.69,78.81,4
108,1104,1013.31,295.72,102.21,46.74,7
108,1085,437.62,277.24,59.22,55.95,3
108,1086,691.83,161.42,29.04,22.51,3
108,1097,672.07,232.02,37.46,33.54,3
108,1090,753.41,190.42,40.29,29.30,3
108,1089,944.42,279.54,52.47,41.42,3
108,1082,661.49,194.29,34.91,29.77,3
109,1100,922.19,233.99,54.99,51.98,4
109,1084,688.94,382.50,107.67,80.40,4
109,1086,691.39,160.62,29.00,22.13,3
109,1097,672.31,230.47,37.20,32.62,3
109,1090,753.90,190.89,40.26,29.19,3
109,1089,944.23,280.41,54.04,42.03,3
109,1082,661.95,193.21,35.01,29.90,3
109,1106,541.21,339.82,69.27,65.40,3
109,1094,786.22,295.48,51.01,47.27,3
110,1100,922.62,234.89,55.54,52.10,4
110,1084,683.64,386.08,108.44,81.71,4
110,1090,753.86,191.35,40.30,29.25,3
110,1089,944.68,281.17,54.66,42.74,3
110,1082,661.54,192.46,35.24,29.65,3
110,1106,537.72,346.29,70.15,67.27,3
110,1094,786.87,296.21,50.74,47.79,3
110,1085,437.02,279.04,59.63,55.88,3
110,1104,1015.54,299.78,101.83,44.71,7
111,1100,924.11,235.72,54.21,52.40,4
111,1084,680.00,389.64,108.49,83.06,4
111,1082,661.25,191.64,36.12,30.50,3
111,1106,533.91,353.56,72.60,70.88,3
111,1094,786.87,297.08,51.16,48.87,3
111,1085,435.90,280.74,60.09,55.83,3
111,1104,1017.98,300.63,101.24,45.17,7
111,1097,672.26,228.30,37.60,32.25,3
111,1086,692.82,160.05,28.58,21.64,3
112,1100,925.34,236.41,53.47,53.28,4
112,1084,675.63,392.95,108.95,83.83,4
112,1094,786.75,298.01,51.62,48.60,3
112,1085,434.31,281.73,60.79,56.43,3
112,1104,1019.07,304.00,100.87,43.83,7
112,1097,672.30,226.90,37.44,31.89,3
112,1086,693.10,159.69,28.90,21.69,3
112,1090,753.67,192.55,40.85,29.65,3
112,1089,946.12,283.38,54.57,43.10,3
113,1100,925.70,237.18,53.41,53.19,4
113,1085,433.45,282.61,61.10,56.44,3
113,1104,1018.99,303.00,101.60,46.34,7
113,1097,672.50,225.66,36.94,31.42,3
113,1086,693.42,159.50,28.96,21.65,3
113,1090,753.96,193.29,40.78,29.49,3
113,1089,946.80,284.42,54.84,43.24,3
113,1106,526.07,369.09,71.04,73.39,3
113,1082,661.72,190.44,36.34,29.75,3
114,1100,926.33,238.09,52.77,53.10,4
114,1085,432.78,283.28,61.25,57.31,3
114,1086,693.83,159.26,28.87,21.61,3
114,1090,753.93,193.85,41.07,29.39,3
114,1089,947.07,285.38,55.88,43.23,3
114,1108,1005.47,414.36,28.02,46.16,0
114,1106,521.73,377.22,72.28,75.36,3
114,1082,662.60,190.10,35.77,29.36,3
114,1084,667.68,400.50,109.61,84.86,4
114,1094,787.30,300.91,51.31,48.14,3
115,1100,926.71,238.87,52.90,53.13,4
115,1085,431.75,284.31,61.23,57.99,3
115,1089,948.29,286.52,54.89,43.01,3
115,1108,1005.12,415.99,28.29,44.13,0
115,1106,518.37,385.53,73.50,79.07,3
115,1082,664.49,189.52,34.30,28.47,3
115,1084,663.97,403.02,109.72,87.08,4
115,1094,787.69,301.77,50.77,49.37,3
115,1104,1020.86,305.30,100.51,46.57,7
115,1097,673.18,223.19,36.16,31.18,3
116,1100,926.66,239.51,53.74,53.39,4
116,1108,1005.36,417.20,27.05,43.56,0
116,1106,514.35,394.36,74.70,80.50,3
116,1082,665.43,188.74,32.93,27.39,3
116,1084,661.03,406.99,109.76,85.55,4
116,1094,787.83,302.75,50.63,50.15,3
116,1104,1019.45,305.12,106.14,47.87,7
116,1097,673.27,221.90,36.00,31.12,3
116,1090,754.13,195.07,40.60,29.61,3
116,1086,694.56,158.21,28.71,21.89,3
117,1100,926.47,240.00,54.84,54.20,4
117,1108,1004.55,417.90,27.85,45.83,0
117,1106,510.15,403.38,75.73,84.75,3
117,1094,787.95,303.95,50.76,49.68,3
117,1104,1021.93,306.09,105.02,47.22,7
117,1097,673.25,220.70,36.34,31.52,3
117,1090,754.12,195.57,40.86,29.84,3
117,1086,694.69,158.07,28.62,21.70,3
117,1085,430.22,286.33,61.26,58.01,3
117,1089,949.52,288.51,55.09,43.19,3
118,1100,927.22,240.91,54.41,53.53,4
118,1094,787.89,305.27,51.05,48.18,3
118,1104,1021.58,307.39,107.06,47.03,7
118,1097,673.37,219.52,36.73,31.92,3
118,1090,754.51,195.97,41.01,29.95,3
118,1086,695.06,157.90,28.34,21.42,3
118,1085,429.16,287.37,61.78,58.46,3
118,1089,950.28,289.41,55.76,43.55,3
118,1084,652.93,412.40,111.86,88.70,4
118,1082,665.35,187.30,33.48,28.33,3
119,1100,927.56,241.77,54.23,53.26,4
119,1094,787.86,306.09,51.25,48.92,3
119,1090,754.89,196.35,40.56,29.88,3
119,1086,695.29,157.39,28.21,21.48,3
119,1085,428.49,288.37,61.62,58.93,3
119,1089,950.78,290.28,56.01,43.69,3
119,1084,651.27,415.39,110.92,90.06,4
119,1082,665.90,186.35,32.74,27.71,3
119,1108,1003.71,417.74,26.74,47.62,0
119,1106,499.05,422.89,81.13,93.53,3
120,1100,927.32,242.62,54.59,53.23,4
120,1086,695.69,157.29,27.56,20.91,3
120,1085,427.57,289.36,61.65,58.65,3
120,1089,951.30,291.04,55.83,43.69,3
120,1084,648.11,418.30,110.45,92.95,4
120,1082,666.33,185.13,32.44,27.77,3
120,1108,1003.72,418.31,27.32,47.44,0
120,1106,493.04,434.53,83.63,95.46,3
120,1097,673.60,217.41,36.62,31.11,3
120,1104,1022.79,313.74,106.77,42.95,7
121,1100,927.38,243.47,55.35,53.43,4
121,1086,696.05,157.03,27.35,20.91,3
121,1089,952.73,292.05,55.45,43.72,3
121,1084,644.80,421.45,111.99,93.91,4
121,1082,665.86,184.68,32.14,27.66,3
121,1108,1003.65,419.77,28.69,47.52,0
121,1106,486.73,444.28,87.40,101.45,3
121,1097,673.66,216.56,36.55,31.09,3
121,1104,1025.46,311.48,105.03,46.51,7
121,1094,787.57,307.97,52.44,50.43,3
121,1090,754.68,197.27,40.86,29.78,3
122,1100,927.91,244.29,55.58,53.33,4
122,1086,696.50,156.35,26.97,20.89,3
122,1089,952.87,293.02,56.11,43.88,3
122,1082,666.38,184.13,32.28,27.67,3
122,1108,1004.50,421.19,28.76,46.19,0
122,1106,480.33,454.91,88.68,106.29,3
122,1097,674.49,215.30,35.74,31.22,3
122,1104,1026.62,312.47,104.05,45.35,7
122,1110,1045.43,421.83,29.01,44.40,0
122,1094,788.56,309.17,51.22,51.57,3
122,1090,754.85,197.78,41.05,30.00,3
122,1085,425.61,291.13,62.13,59.99,3
123,1100,928.12,244.91,56.06,53.53,4
123,1086,696.55,156.06,26.74,20.89,3
123,1082,666.19,183.34,31.56,27.61,3
123,1108,1004.71,422.11,29.28,46.36,0
123,1106,472.07,469.10,93.01,109.21,3
123,1097,674.48,214.47,35.93,30.63,3
123,1104,1025.94,316.55,104.91,43.10,7
123,1110,1047.14,423.74,28.20,45.00,0
123,1094,788.53,310.19,51.52,51.94,3
123,1090,754.99,198.18,41.48,30.39,3
123,1085,425.32,292.08,61.61,60.10,3
123,1084,637.78,429.36,113.67,92.69,4
124,1100,929.34,245.47,55.65,53.89,4
124,1086,696.78,155.71,26.20,20.72,3
124,1108,1004.88,422.22,29.45,45.61,0
124,1106,465.83,482.45,94.71,114.75,3
124,1097,674.29,213.22,36.04,30.63,3
124,1104,1028.93,314.54,103.95,46.81,7
124,1110,1049.76,424.37,31.46,47.79,0
124,1094,788.53,310.76,52.03,52.22,3
124,1090,755.03,198.51,41.55,30.50,3
124,1085,424.00,292.85,62.54,60.79,3
124,1084,634.70,432.71,114.24,94.52,4
124,1089,954.83,294.73,55.48,43.89,3
125,1100,929.84,246.09,55.59,54.06,4
125,1108,1004.49,422.31,29.30,46.10,0
125,1106,459.70,494.32,95.69,122.87,3
125,1097,674.29,211.94,36.18,31.02,3
125,1104,1031.04,314.43,104.06,48.06,7
125,1110,1051.35,425.86,32.45,48.64,0
125,1094,788.61,311.58,52.42,51.31,3
125,1090,755.28,199.05,41.82,30.15,3
125,1085,423.52,293.51,62.40,61.07,3
125,1084,631.72,436.50,113.69,94.90,4
125,1089,955.63,295.27,55.22,44.08,3
125,1082,666.83,181.88,31.01,25.99,3
126,1097,674.54,211.34,35.81,30.71,3
126,1104,1031.89,314.58,104.98,49.02,7
126,1110,1054.19,428.59,33.70,48.96,0
126,1094,788.99,313.12,52.71,50.26,3
126,1090,755.89,199.54,41.96,30.08,3
126,1085,422.25,294.48,63.79,61.08,3
126,1084,628.55,439.23,114.97,97.68,4
126,1089,955.94,296.27,55.72,44.46,3
126,1082,667.05,181.05,30.74,25.97,3
127,1097,675.12,210.65,35.55,30.02,3
127,1094,790.01,314.53,52.93,49.93,3
127,1090,756.13,199.95,42.24,30.30,3
127,1085,421.51,295.35,64.61,61.04,3
127,1084,624.38,442.96,116.15,97.56,4
127,1089,956.77,297.39,56.12,45.07,3
127,1082,667.55,180.51,30.98,26.46,3
127,1100,931.28,247.51,56.51,54.63,4
127,1108,1004.93,423.05,28.02,47.00,0
127,1106,446.12,526.71,100.49,131.33,3
128,1097,674.56,209.99,35.63,29.67,3
128,1085,420.80,296.45,64.89,61.02,3
128,1084,619.64,444.12,116.71,103.48,4
128,1089,956.13,298.42,57.82,44.63,3
128,1082,667.82,179.89,31.48,26.37,3
128,1100,931.85,248.28,57.17,54.75,4
128,1108,1005.62,424.26,28.14,45.23,0
128,1106,436.82,542.78,102.99,137.79,3
128,1104,1033.95,319.89,104.48,45.91,7
128,1110,1058.80,432.84,33.95,48.82,0
129,1097,674.21,208.74,36.25,29.95,3
129,1085,420.30,297.53,65.15,61.48,3
129,1089,956.53,299.23,58.34,45.19,3
129,1082,667.77,179.10,31.21,25.32,3
129,1100,932.57,249.14,57.89,54.67,4
129,1108,1005.09,425.16,28.42,45.61,0
129,1106,430.28,559.68,104.41,144.84,3
129,1111,743.47,159.07,26.99,22.08,3
129,1104,1034.37,321.68,105.04,46.41,7
129,1110,1060.62,433.49,33.87,49.12,0
129,1094,790.67,316.20,54.14,51.94,3
129,1090,756.10,200.44,42.68,30.60,3
129,1086,698.48,154.58,25.71,20.57,3
130,1097,674.29,207.82,35.78,30.00,3
130,1085,419.46,298.79,65.25,61.47,3
130,1089,956.51,299.83,59.58,45.91,3
130,1082,667.81,178.18,30.94,25.26,3
130,1108,1004.87,425.58,28.34,48.34,0
130,1106,419.71,581.40,111.14,150.74,3
130,1111,743.63,159.45,27.26,22.26,3
130,1104,1036.78,322.74,104.61,46.31,7
130,1110,1062.43,435.37,32.94,49.12,0
130,1094,790.85,317.28,54.69,52.45,3
130,1090,756.05,200.74,42.99,30.92,3
130,1086,698.57,154.29,25.52,20.56,3
130,1084,614.20,452.49,116.17,105.28,4
131,1097,674.73,206.67,35.88,30.35,3
131,1085,419.27,299.65,65.70,61.77,3
131,1089,957.96,300.78,59.36,45.43,3
131,1082,668.36,177.26,31.17,26.31,3
131,1111,743.98,159.88,28.99,22.45,3
131,1104,1037.64,326.24,106.67,43.23,7
131,1110,1064.88,436.65,31.88,48.93,0
131,1094,791.86,318.74,54.22,51.91,3
131,1090,756.94,201.23,42.52,30.68,3
131,1086,699.35,153.74,25.33,20.60,3
131,1084,609.44,455.93,117.86,107.25,4
131,1100,933.38,250.41,59.90,55.54,4
132,1097,674.81,205.86,35.80,30.04,3
132,1085,418.05,300.42,65.73,62.26,3
132,1089,959.47,301.77,58.26,45.22,3
132,1111,743.77,160.21,28.89,22.19,3
132,1104,1037.25,324.48,107.97,46.89,7
132,1110,1066.85,438.43,31.81,50.57,0
132,1094,792.29,319.70,53.91,52.28,3
132,1090,757.19,201.97,42.40,30.72,3
132,1086,699.27,153.84,25.37,20.40,3
132,1084,604.90,459.56,118.84,108.11,4
132,1100,933.30,250.54,60.10,56.56,4
132,1108,1004.69,426.07,28.88,49.55,0
132,1106,408.98,625.47,112.55,136.28,3
133,1097,674.75,205.00,35.45,29.88,3
133,1085,417.67,301.45,65.59,62.50,3
133,1111,744.14,160.56,28.82,21.94,3
133,1110,1067.47,440.60,33.98,50.21,0
133,1094,792.44,320.61,54.54,51.92,3
133,1090,757.23,202.75,42.34,30.73,3
133,1086,699.85,153.58,25.22,20.40,3
133,1084,600.40,464.16,119.85,109.22,4
133,1100,933.23,251.29,60.94,56.89,4
133,1108,1004.84,426.91,29.99,48.74,0
133,1106,396.22,653.59,121.20,111.31,3
133,1082,668.09,175.81,31.78,27.71,3
134,1097,674.76,203.79,35.95,30.33,3
134,1085,416.92,302.21,65.45,62.42,3
134,1111,744.32,160.72,28.90,21.84,3
134,1110,1069.29,441.80,33.66,51.06,0
134,1094,793.01,321.28,54.31,51.67,3
134,1086,699.64,153.59,25.24,20.53,3
134,1084,596.33,467.96,120.46,111.22,4
134,1100,933.75,252.47,61.25,55.79,4
134,1108,1005.06,427.48,30.93,49.06,0
134,1106,388.18,676.25,123.77,91.69,3
134,1082,667.88,175.21,31.87,26.53,3
134,1089,960.86,303.79,58.34,44.99,3
134,1104,1039.91,322.51,105.89,51.14,7
135,1097,674.37,202.78,35.56,30.74,3
135,1085,416.22,303.04,65.49,62.47,3
135,1111,744.07,161.05,31.65,22.65,3
135,1110,1070.21,443.59,33.64,51.20,0
135,1094,793.30,322.14,54.07,52.13,3
135,1086,699.92,153.52,25.21,20.43,3
135,1084,591.13,472.64,121.96,112.77,4
135,1100,935.59,253.55,60.19,55.25,4
135,1108,1006.33,428.70,31.12,48.54,0
135,1106,387.73,701.12,117.01,67.72,3
135,1082,667.81,174.51,31.77,26.35,3
135,1089,961.16,304.49,59.71,46.23,3
135,1104,1042.09,323.09,105.71,52.32,7
135,1090,757.89,203.39,42.36,30.82,3
136,1097,673.81,201.73,36.77,30.72,3
136,1085,415.17,303.78,65.61,62.95,3
136,1110,1072.74,446.63,32.02,49.78,0
136,1094,793.61,323.18,53.28,52.45,3
136,1086,700.17,153.13,25.08,20.45,3
136,1084,585.71,476.31,124.02,114.90,4
136,1100,936.85,254.31,59.31,55.20,4
136,1108,1007.94,429.77,30.48,47.47,0
136,1106,382.28,721.83,113.39,45.06,3
136,1082,667.84,173.72,31.67,26.61,3
136,1089,962.12,305.47,59.98,46.65,3
136,1104,1041.22,327.97,108.53,47.86,7
136,1112,1303.33,708.99,56.12,55.98,6
136,1090,757.97,203.70,42.41,30.94,3
137,1097,673.39,200.71,37.37,30.84,3
137,1085,414.46,304.97,65.89,63.29,3
137,1086,700.51,152.83,24.93,20.45,3
137,1084,581.57,481.42,123.65,118.50,4
137,1100,937.25,255.03,58.98,55.43,4
137,1108,1009.35,430.26,29.84,46.79,0
137,1106,376.30,741.45,114.67,32.88,3
137,1082,667.82,173.24,31.80,26.87,3
137,1089,962.55,306.49,60.67,46.85,3
137,1104,1045.00,337.41,104.63,39.33,7
137,1112,1308.31,713.21,51.70,52.09,6
137,1090,757.68,204.57,42.53,30.77,3
137,1111,743.67,161.49,31.46,23.12,3
138,1086,700.93,152.62,24.80,20.45,3
138,1084,575.76,487.58,125.72,119.33,4
138,1100,938.40,255.63,58.55,55.91,4
138,1108,1010.35,430.68,29.21,46.32,0
138,1106,370.13,761.59,116.02,20.67,3
138,1082,668.29,172.60,31.18,27.47,3
138,1089,963.82,307.74,61.63,46.73,3
138,1104,1046.26,333.83,105.61,44.37,7
138,1112,1313.31,719.00,46.33,46.25,6
138,1090,757.82,205.09,42.66,30.82,3
138,1111,743.56,161.67,30.90,23.30,3
138,1094,793.06,325.81,55.55,53.24,3
138,1110,1075.27,449.60,32.94,51.63,0
139,1100,939.68,255.93,57.99,56.47,4
139,1108,1011.42,431.02,27.89,46.21,0
139,1106,364.11,781.28,117.31,8.39,3
139,1082,668.53,172.60,31.55,27.00,3
139,1089,964.42,308.66,62.45,47.89,3
139,1104,1047.17,334.56,106.77,45.16,7
139,1112,1316.52,722.95,42.97,42.12,6
139,1090,757.93,205.42,43.00,30.87,3
139,1111,743.54,161.75,30.50,23.62,3
139,1094,793.45,326.58,55.82,53.87,3
139,1110,1077.44,451.21,31.62,51.91,0
139,1085,413.03,306.69,66.88,64.56,3
139,1097,673.91,198.72,37.64,31.01,3
140,1108,1012.28,431.87,28.09,47.04,0
140,1082,668.19,172.32,31.82,26.86,3
140,1089,965.48,309.38,63.40,52.83,3
140,1112,1320.80,727.71,39.56,38.41,6
140,1090,757.93,205.83,43.19,30.73,3
140,1111,743.64,162.01,31.09,23.76,3
140,1094,793.87,327.23,56.33,54.62,3
140,1110,1078.71,453.81,32.81,51.31,0
140,1085,411.96,307.59,67.45,65.06,3
140,1097,674.06,198.05,37.14,30.50,3
140,1084,563.84,498.47,129.55,126.16,4
141,1089,966.34,310.36,64.37,53.65,3
141,1111,743.39,162.06,31.94,23.98,3
141,1094,794.54,328.22,56.57,54.21,3
141,1110,1080.36,455.12,33.48,49.49,0
141,1085,411.40,308.66,67.73,64.84,3
141,1097,674.71,197.04,36.47,30.21,3
141,1084,557.15,504.66,130.69,126.56,4
141,1100,938.89,256.32,61.25,57.98,4
141,1104,1048.42,332.78,107.72,49.19,7
142,1089,967.10,311.40,63.37,48.90,3
142,1094,794.83,329.21,56.65,54.04,3
142,1085,410.87,309.74,67.79,64.65,3
142,1097,675.18,196.58,36.07,29.76,3
142,1084,550.60,512.85,131.34,128.50,4
142,1100,940.49,257.19,60.29,57.82,4
142,1104,1049.70,332.92,108.68,50.66,7
142,1108,1013.33,433.72,28.28,46.49,0
142,1090,758.17,206.46,43.82,32.34,3
142,1086,699.68,152.78,26.58,20.68,3
142,1082,668.86,170.84,31.51,24.99,3
143,1089,968.55,312.16,60.94,45.40,3
143,1094,795.28,330.09,56.59,53.98,3
143,1085,410.86,310.73,67.13,65.02,3
143,1097,675.89,196.32,35.10,29.00,3
143,1104,1051.50,335.35,108.87,48.99,7
143,1108,1014.35,434.28,27.67,46.54,0
143,1090,758.96,206.98,43.27,32.30,3
143,1086,698.96,152.34,27.97,21.19,3
143,1082,669.02,170.86,31.74,24.09,3
143,1111,743.78,162.99,30.85,23.66,3
143,1110,1083.09,458.66,33.01,49.00,0
144,1089,969.79,313.02,59.77,44.22,3
144,1094,796.04,331.58,57.05,54.46,3
144,1085,409.58,311.80,68.29,64.99,3
144,1090,759.41,207.46,43.10,32.35,3
144,1086,699.45,151.90,28.69,20.70,3
144,1082,669.41,170.21,31.72,23.84,3
144,1114,751.11,183.41,37.43,27.87,3
144,1111,743.87,163.45,31.04,23.40,3
144,1110,1084.45,460.09,34.54,51.41,0
144,1084,536.70,526.07,133.52,136.36,4
144,1100,942.60,259.91,59.38,56.99,4
145,1089,973.80,314.11,58.76,43.62,3
145,1094,798.74,332.60,56.94,55.95,3
145,1085,410.99,312.71,68.78,65.52,3
145,1082,670.81,170.01,32.26,23.60,3
145,1114,753.96,184.37,36.25,27.47,3
145,1111,746.76,163.86,29.59,23.20,3
145,1110,1089.40,462.69,34.23,51.17,0
145,1084,532.96,532.87,133.61,141.80,4
145,1100,945.42,260.28,59.86,57.18,4
145,1104,1060.05,340.68,107.47,46.13,7
145,1108,1016.58,434.13,28.80,48.07,0
145,1097,676.80,194.67,35.90,29.34,3
146,1089,977.93,315.32,59.21,44.02,3
146,1094,802.42,333.89,56.26,55.48,3
146,1085,413.31,313.62,68.45,64.83,3
146,1111,749.27,164.22,30.40,23.44,3
146,1110,1094.06,466.05,34.78,51.45,0
146,1084,529.66,539.79,133.31,144.90,4
146,1100,948.75,261.86,60.98,57.20,4
146,1116,315.60,363.88,29.48,47.25,0
146,1104,1066.36,346.43,103.64,42.25,7
146,1108,1020.31,435.16,29.50,49.22,0
146,1097,678.91,193.01,36.23,29.90,3
146,1090,764.97,208.62,42.98,31.20,3
146,1086,704.80,152.01,29.29,20.66,3
147,1089,978.18,316.17,60.41,45.39,3
147,1094,802.87,335.09,56.59,56.76,3
147,1085,413.14,314.52,68.45,65.55,3
147,1111,750.41,164.30,31.12,23.21,3
147,1116,314.30,365.11,28.69,46.68,0
147,1104,1064.70,344.44,106.51,45.94,7
147,1108,1021.64,436.06,30.71,49.92,0
147,1097,681.06,192.55,34.45,29.39,3
147,1090,766.06,208.91,42.35,31.16,3
147,1086,705.32,151.52,29.21,21.10,3
147,1114,758.57,185.05,36.30,28.38,3
148,1089,978.79,317.06,61.09,46.40,3
148,1094,803.03,335.99,57.28,57.36,3
148,1104,1062.16,342.75,109.81,49.13,7
148,1108,1022.33,437.34,31.48,49.37,0
148,1097,681.68,192.25,33.92,29.13,3
148,1090,766.66,209.21,41.88,31.50,3
148,1086,705.43,151.11,29.25,21.35,3
148,1117,1023.88,364.99,46.34,30.42,9
148,1114,758.55,185.37,36.28,28.80,3
148,1110,1096.72,468.90,35.59,53.37,0
148,1084,514.17,558.18,135.38,149.42,4
148,1100,951.73,263.30,59.96,57.99,4
149,1089,979.32,318.16,60.99,46.94,3
149,1094,803.55,337.44,57.23,57.08,3
149,1090,766.80,209.62,42.27,32.07,3
149,1086,705.33,150.94,29.58,21.69,3
149,1117,1028.37,367.46,46.47,31.25,9
149,1114,759.03,185.82,35.41,28.35,3
149,1110,1098.65,471.57,35.26,51.07,0
149,1084,503.82,566.19,138.95,155.79,4
149,1100,951.60,263.65,60.57,58.38,4
149,1085,410.82,316.78,69.63,65.81,3
149,1111,751.29,164.84,30.29,23.19,3
149,1116,308.15,365.85,31.15,47.22,0
150,1089,979.87,319.03,61.53,47.57,3
150,1094,803.95,338.17,57.17,56.65,3
150,1114,759.59,186.27,34.75,27.86,3
150,1110,1099.17,473.01,37.91,53.03,0
150,1084,495.69,576.81,140.73,160.59,4
150,1100,952.37,264.12,59.80,58.67,4
150,1085,410.38,318.12,69.64,65.82,3
150,1111,752.03,165.40,29.49,23.36,3
150,1116,305.56,366.90,30.87,47.46,0
150,1108,1024.69,439.27,30.48,47.29,0
150,1104,1057.71,343.12,118.05,51.38,7
150,1097,681.35,189.46,34.65,30.65,3
151,1089,980.90,320.24,61.07,48.48,3
151,1094,804.67,339.72,56.55,55.39,3
151,1110,1100.86,475.99,37.88,52.56,0
151,1084,487.50,587.27,141.99,167.74,4
151,1116,302.74,368.06,31.30,47.70,0
151,1108,1025.43,439.85,29.65,46.63,0
151,1104,1055.41,346.31,123.57,49.33,7
151,1097,681.53,189.16,34.34,30.53,3
151,1090,767.18,210.80,42.51,32.21,3
151,1086,705.37,150.87,29.36,21.54,3
151,1117,1039.87,372.97,46.39,30.00,9
152,1089,981.46,321.33,61.70,48.82,3
152,1094,804.73,340.76,57.18,56.56,3
152,1110,1101.80,477.85,37.05,53.41,0
152,1097,681.93,188.35,33.82,30.13,3
152,1090,767.25,211.25,42.70,32.26,3
152,1086,705.65,150.74,29.19,21.54,3
152,1117,1044.24,375.20,46.43,29.95,9
152,1114,759.72,187.12,35.10,27.97,3
152,1100,952.64,266.19,61.28,57.89,4
152,1085,409.24,319.53,68.62,67.19,3
152,1111,751.94,166.21,28.28,23.89,3
153,1094,804.74,341.72,58.25,57.33,3
153,1090,766.87,212.15,43.33,32.47,3
153,1086,705.77,150.69,29.28,21.44,3
153,1117,1048.40,377.23,46.43,29.89,9
153,1114,759.85,187.42,35.99,28.43,3
153,1100,951.91,266.83,62.98,58.24,4
153,1085,408.75,320.27,68.43,67.87,3
153,1111,752.05,166.36,28.68,24.26,3
153,1084,467.55,611.20,148.18,159.46,4
153,1116,299.41,369.98,30.72,47.94,0
153,1108,1025.90,440.30,29.63,47.77,0
153,1082,675.97,168.31,30.67,21.43,3
153,1104,1060.55,354.04,118.37,44.77,7
154,1090,767.40,212.72,43.69,32.36,3
154,1086,705.83,150.80,29.02,21.10,3
154,1100,952.91,267.94,62.67,58.60,4
154,1085,407.10,321.65,69.69,67.66,3
154,1111,751.88,166.55,30.86,24.26,3
154,1084,456.51,623.06,155.06,149.49,4
154,1116,297.37,371.65,29.84,48.25,0
154,1108,1027.01,441.48,29.30,46.90,0
154,1082,676.43,167.74,29.82,21.87,3
154,1104,1068.33,355.13,113.36,44.61,7
154,1089,983.00,323.40,62.21,48.94,3
154,1110,1106.35,482.07,37.29,55.19,0
154,1097,679.78,187.25,34.36,29.94,3
155,1090,766.94,213.04,44.45,32.43,3
155,1100,954.34,268.19,62.97,60.23,4
155,1085,406.10,322.93,70.08,67.60,3
155,1111,751.66,166.87,32.20,24.17,3
155,1082,676.61,167.35,29.66,21.70,3
155,1104,1068.25,356.11,113.02,45.67,7
155,1089,983.61,324.11,63.35,50.23,3
155,1110,1108.66,482.47,37.35,56.59,0
155,1097,679.81,187.32,33.81,29.01,3
155,1094,805.82,344.26,59.07,57.03,3
155,1114,759.46,188.19,36.03,28.64,3
156,1090,767.26,213.50,43.88,32.27,3
156,1085,405.53,323.70,70.62,67.90,3
156,1111,751.76,167.12,32.99,24.06,3
156,1110,1110.46,486.63,37.83,55.50,0
156,1097,679.89,187.31,33.36,28.51,3
156,1094,805.92,345.33,58.83,58.23,3
156,1114,759.01,188.55,36.45,28.93,3
156,1086,705.71,150.15,28.78,21.26,3
156,1116,293.84,374.54,29.03,46.74,0
156,1108,1028.37,442.83,28.84,47.68,0
156,1084,439.20,650.43,155.59,118.56,4
157,1090,767.11,213.77,44.25,32.60,3
157,1085,404.93,324.40,70.47,68.28,3
157,1111,752.01,167.62,31.27,23.48,3
157,1110,1112.09,488.49,37.46,54.24,0
157,1108,1028.80,443.21,28.20,47.75,0
157,1084,437.66,663.41,146.96,105.37,4
157,1100,956.19,269.64,62.67,60.24,4
157,1089,984.01,326.22,63.93,50.14,3
158,1090,767.27,214.13,44.24,32.91,3
158,1085,404.08,325.76,70.15,68.57,3
158,1089,985.20,327.46,63.62,49.85,3
158,1094,806.37,347.49,58.79,57.78,3
158,1114,758.91,189.44,36.56,28.96,3
158,1086,705.48,149.94,28.96,21.50,3
158,1116,288.35,375.87,30.68,49.08,0
158,1097,678.90,185.62,34.33,29.07,3
159,1085,403.40,326.80,70.01,68.90,3
159,1116,286.14,377.02,30.83,49.30,0
159,1097,680.43,185.42,34.04,28.88,3
159,1110,1114.77,492.87,38.28,52.03,0
159,1108,1030.07,443.44,28.01,48.34,0
159,1100,957.77,271.52,62.45,59.84,4
159,1104,1092.91,373.84,91.31,30.02,7
159,1111,752.10,168.19,34.22,24.04,3
160,1085,402.71,327.96,70.15,68.91,3
160,1111,752.52,168.54,32.70,23.89,3
160,1090,767.69,215.03,44.41,32.94,3
160,1089,987.60,329.30,64.05,50.89,3
160,1094,806.77,349.47,59.38,58.79,3
160,1114,758.77,190.35,36.55,28.98,3
160,1086,705.57,149.80,29.19,22.02,3
161,1085,401.67,328.82,71.37,68.98,3
161,1086,705.59,149.96,29.17,21.97,3
161,1116,282.41,377.38,30.96,50.26,0
161,1110,1116.78,496.48,36.76,53.96,0
161,1108,1030.83,444.13,29.92,51.39,0
161,1100,959.41,272.79,62.64,60.20,4
161,1097,679.66,184.46,34.67,28.69,3
162,1085,401.26,329.96,71.51,69.49,3
162,1119,1128.71,208.68,60.50,32.42,3
162,1090,768.24,216.01,44.94,33.36,3
162,1089,990.72,331.46,63.45,50.80,3
162,1094,807.50,351.62,60.12,59.16,3
162,1114,759.92,191.46,37.41,28.57,3
162,1111,753.35,168.96,33.28,24.48,3
163,1086,705.99,149.58,28.87,21.90,3
163,1116,280.18,379.67,29.63,50.11,0
163,1108,1032.65,446.36,29.56,47.76,0
163,1100,961.70,273.99,63.72,60.75,4
163,1110,1120.64,500.93,36.49,57.26,0
163,1097,678.10,183.52,36.37,28.60,3
164,1086,706.13,149.14,28.82,21.88,3
164,1116,279.16,380.97,30.02,49.91,0
164,1085,398.87,331.57,72.56,69.79,3
164,1119,1130.71,209.58,59.72,32.10,3
164,1090,768.10,216.85,45.33,32.87,3
164,1089,992.97,332.85,63.25,51.68,3
164,1094,808.39,354.55,60.34,58.56,3
164,1114,760.38,192.06,37.25,28.83,3
165,1086,706.22,149.12,28.66,21.48,3
165,1114,760.54,192.44,36.24,29.07,3
165,1111,752.87,170.59,33.81,24.13,3
165,1108,1034.32,446.90,29.06,50.84,0
165,1100,962.75,275.71,63.81,62.04,4
165,1110,1125.92,505.20,37.02,53.46,0
165,1097,678.27,182.99,35.74,28.53,3
166,1086,706.32,149.09,28.50,21.08,3
166,1114,760.93,192.79,35.98,29.08,3
166,1121,667.72,719.91,110.42,44.95,3
166,1111,753.12,171.07,34.19,24.29,3
166,1085,396.39,333.37,73.30,71.18,3
166,1119,1132.26,210.60,60.69,34.09,3
166,1090,768.64,217.84,46.19,33.39,3
166,1089,992.83,334.94,64.45,50.93,3
166,1094,808.72,356.75,61.31,59.52,3
166,1116,277.39,383.32,29.73,49.52,0
167,1086,706.34,149.09,28.36,20.98,3
167,1114,760.61,192.98,37.48,29.05,3
167,1121,667.57,714.81,108.15,51.48,3
167,1116,276.22,383.86,30.55,49.84,0
167,1108,1034.39,448.68,28.92,48.48,0
167,1100,962.63,277.11,65.32,62.95,4
167,1110,1129.48,509.52,35.84,54.18,0
167,1097,678.34,182.95,35.01,27.83,3
168,1086,706.43,149.09,28.39,20.92,3
168,1114,760.57,193.23,38.31,29.31,3
168,1108,1034.48,449.95,28.91,47.22,0
168,1097,678.45,182.86,34.66,27.76,3
168,1117,1149.49,409.17,25.19,26.24,9
168,1104,1085.38,364.26,117.16,53.22,7
168,1085,394.68,336.31,73.50,72.08,3
168,1090,769.21,218.81,47.06,33.99,3
168,1089,994.25,337.19,66.23,51.74,3
168,1094,808.63,358.89,62.04,60.03,3
168,1082,675.61,162.05,32.79,25.39,3
168,1119,1132.72,211.33,62.94,34.14,3
169,1086,706.34,149.05,28.34,20.54,3
169,1108,1034.88,450.57,28.25,47.54,0
169,1097,678.92,182.90,34.00,27.60,3
169,1090,768.93,219.29,48.12,34.13,3
169,1089,995.21,338.36,66.36,52.23,3
169,1094,809.02,360.08,62.62,60.63,3
169,1082,675.66,161.90,32.62,25.32,3
169,1119,1133.78,211.98,63.62,33.79,3
169,1121,666.40,703.17,105.41,61.88,3
169,1116,274.22,385.09,30.66,49.05,0
169,1100,963.04,279.25,66.83,62.56,4
169,1110,1131.87,514.75,38.01,53.78,0
170,1086,706.61,149.00,28.25,20.67,3
170,1108,1035.38,451.67,27.75,47.45,0
170,1097,678.51,182.24,34.79,27.75,3
170,1090,769.18,219.91,46.95,34.03,3
170,1119,1134.62,212.73,63.78,32.94,3
170,1121,666.91,698.02,105.17,65.80,3
170,1116,271.94,386.31,30.75,46.87,0
170,1100,963.43,280.63,66.94,61.88,4
170,1110,1133.26,516.16,38.54,58.64,0
170,1114,760.66,194.11,38.45,29.44,3
170,1085,391.78,339.49,74.76,71.39,3
170,1117,1166.59,414.19,23.74,24.65,9
170,1104,1087.58,370.78,124.88,50.76,7
171,1086,706.80,149.04,28.08,20.42,3
171,1108,1036.12,452.02,27.49,48.53,0
171,1097,678.83,180.85,34.57,28.60,3
171,1119,1135.36,213.46,64.06,33.03,3
171,1100,965.71,281.39,65.47,61.64,4
171,1110,1135.66,518.72,36.91,58.22,0
171,1114,760.83,194.78,38.18,29.30,3
171,1085,391.25,340.90,74.57,71.21,3
171,1117,1174.09,416.53,22.66,24.54,9
171,1104,1088.33,372.01,123.17,51.07,7
171,1089,996.94,341.14,66.73,52.98,3
171,1094,810.37,363.25,62.17,61.49,3
171,1111,753.60,173.26,36.03,23.46,3
171,1082,675.75,161.34,33.43,25.51,3
172,1086,706.74,148.88,28.22,20.41,3
172,1108,1036.81,451.42,27.19,50.82,0
172,1100,965.58,282.28,66.19,61.50,4
172,1085,389.74,341.63,75.11,72.25,3
172,1117,1181.93,418.93,21.59,24.45,9
172,1104,1086.02,373.96,129.30,50.39,7
172,1089,997.70,342.30,67.29,53.18,3
172,1094,810.97,365.05,62.14,61.06,3
172,1111,753.64,173.71,36.39,23.45,3
172,1082,675.73,161.23,33.30,25.38,3
172,1090,769.71,221.15,47.17,33.79,3
172,1121,665.97,686.99,106.58,76.42,3
173,1086,706.87,148.72,28.03,20.25,3
173,1108,1037.29,452.28,27.82,50.55,0
173,1085,388.22,342.39,75.53,72.69,3
173,1104,1089.29,374.77,123.99,51.36,7
173,1094,811.12,366.22,62.58,60.55,3
173,1111,753.82,174.16,36.71,23.44,3
173,1082,675.93,160.91,33.19,25.37,3
173,1122,716.87,120.35,24.14,22.45,3
173,1090,769.48,221.71,48.09,34.14,3
173,1121,665.47,681.07,106.53,82.40,3
173,1097,679.99,181.16,34.27,27.68,3
173,1110,1141.50,524.07,35.49,58.77,0
173,1114,760.78,195.76,38.29,28.87,3
173,1116,269.54,389.13,29.91,48.87,0
174,1086,706.74,148.64,28.15,20.12,3
174,1085,387.18,343.33,75.75,73.44,3
174,1104,1092.09,376.37,121.00,52.03,7
174,1082,676.00,160.54,33.30,25.35,3
174,1122,716.87,120.71,24.22,22.00,3
174,1090,769.79,222.17,47.56,34.32,3
174,1121,664.35,675.37,107.07,87.86,3
174,1097,680.00,180.37,33.90,27.84,3
174,1110,1142.65,528.04,37.78,57.99,0
174,1114,761.12,196.19,37.94,29.27,3
174,1116,268.94,390.11,29.44,48.97,0
174,1119,1138.65,215.25,64.73,33.33,3
174,1100,966.13,283.18,67.32,63.46,4
174,1089,997.98,344.47,68.92,53.65,3
175,1086,706.70,148.60,28.31,20.01,3
175,1104,1093.74,380.38,118.69,49.73,7
175,1082,676.03,160.27,33.42,25.34,3
175,1121,664.45,669.94,107.26,93.05,3
175,1097,679.99,179.37,33.37,28.56,3
175,1110,1144.46,530.88,39.46,55.69,0
175,1114,761.96,196.60,37.61,29.47,3
175,1116,268.50,391.38,29.30,49.07,0
175,1119,1140.00,216.10,64.39,32.87,3
175,1100,968.39,283.81,65.44,64.31,4
175,1089,999.31,345.87,68.49,53.78,3
175,1108,1038.07,454.07,31.68,53.03,0
175,1094,811.09,368.18,63.26,62.70,3
175,1111,754.60,173.97,34.90,23.80,3
176,1086,706.64,148.66,28.56,19.87,3
176,1104,1096.37,379.26,117.67,51.77,7
176,1082,676.00,160.61,31.86,24.08,3
176,1121,664.08,665.05,108.33,98.64,3
176,1116,267.10,392.45,29.35,49.13,0
176,1119,1141.02,216.57,64.64,32.48,3
176,1100,969.20,284.70,65.97,65.05,4
176,1089,1000.74,347.13,68.72,54.22,3
176,1108,1038.71,455.06,32.47,51.79,0
176,1094,811.39,369.51,64.04,63.62,3
176,1111,754.92,174.33,35.02,23.85,3
176,1085,385.31,346.74,76.90,73.71,3
176,1122,716.99,120.36,24.27,21.44,3
176,1090,769.67,223.27,48.17,34.24,3
177,1086,706.77,148.51,28.31,19.97,3
177,1104,1096.88,377.55,119.07,55.43,7
177,1119,1141.44,216.94,64.62,33.11,3
177,1100,967.96,285.63,68.55,65.50,4
177,1089,1002.03,348.18,69.07,54.75,3
177,1108,1040.01,455.59,32.52,53.34,0
177,1094,812.24,371.23,63.25,62.99,3
177,1111,755.07,174.60,35.12,23.91,3
177,1085,384.32,347.68,76.93,74.21,3
177,1122,717.25,119.86,23.76,21.22,3
177,1090,769.80,223.67,48.89,34.75,3
177,1097,681.55,179.74,32.56,27.41,3
177,1110,1148.31,535.92,42.18,58.92,0
177,1114,763.07,197.46,38.13,30.05,3
178,1104,1096.37,379.78,121.51,54.98,7
178,1089,1002.81,349.40,68.68,54.55,3
178,1108,1041.33,456.24,31.75,51.23,0
178,1094,813.35,372.74,63.11,62.54,3
178,1111,755.36,174.82,35.19,23.96,3
178,1085,383.94,348.72,76.93,74.33,3
178,1122,717.32,119.93,23.65,20.63,3
178,1090,769.51,224.21,49.34,34.83,3
178,1097,680.83,179.16,33.02,27.56,3
178,1110,1150.07,537.48,39.30,57.97,0
178,1114,762.13,197.50,38.35,30.37,3
178,1121,662.10,655.55,108.92,107.20,3
178,1082,677.12,160.07,30.21,21.73,3
178,1116,264.63,394.01,28.05,44.03,0
179,1104,1097.70,380.56,122.94,55.82,7
179,1089,1003.69,350.61,69.11,55.04,3
179,1108,1042.32,456.30,31.98,53.08,0
179,1094,813.62,374.08,63.83,62.77,3
179,1111,753.80,176.43,34.52,23.17,3
179,1090,769.92,224.79,49.25,34.83,3
179,1097,680.99,179.11,32.63,27.28,3
179,1110,1151.85,540.46,37.28,58.09,0
179,1114,761.98,198.24,38.02,29.95,3
179,1121,662.82,649.92,108.03,112.56,3
179,1082,677.24,160.08,29.63,21.21,3
179,1116,263.35,393.86,28.56,48.82,0
179,1086,706.78,148.16,28.40,20.47,3
179,1119,1143.42,217.59,64.67,34.03,3
179,1100,972.84,287.10,65.37,65.45,4
