1,3558,147.10,690.32,285.22,116.34,6
1,3559,429.83,575.29,68.34,27.17,3
1,3560,-1.20,453.49,76.50,68.84,5
2,3558,178.16,680.75,295.59,117.01,6
2,3559,429.58,575.53,67.96,27.42,3
2,3560,-0.76,452.53,76.43,70.78,5
3,3558,218.77,675.74,278.05,113.40,6
3,3559,429.05,575.24,69.49,28.03,3
3,3560,-1.22,453.56,76.00,69.32,5
4,3558,285.70,668.40,244.36,114.10,6
4,3559,427.36,575.07,70.34,27.58,3
4,3560,-1.36,453.03,75.17,69.35,5
5,3558,316.31,662.58,248.65,112.63,6
5,3559,427.97,574.67,68.91,28.58,3
5,3560,-1.40,453.93,72.79,68.21,5
6,3558,347.03,657.46,245.77,110.48,6
6,3559,428.18,574.77,67.75,27.51,3
6,3560,-1.43,454.45,72.16,67.53,5
6,3561,2392.73,504.06,85.65,28.15,3
7,3558,381.71,652.26,241.42,108.26,6
7,3559,428.54,574.24,67.98,28.17,3
7,3560,-1.35,454.43,70.89,68.09,5
7,3561,2401.39,504.55,87.93,28.74,3
8,3558,416.86,648.11,235.43,104.29,6
8,3559,426.65,573.92,69.43,28.39,3
8,3560,-1.30,453.75,71.04,68.93,5
8,3561,2413.35,503.39,82.18,27.76,3
9,3558,450.00,643.57,231.55,103.15,6
9,3559,426.36,573.91,68.79,29.21,3
9,3560,-1.27,454.19,70.80,68.55,5
9,3561,2424.86,504.78,83.87,27.45,3
10,3558,481.29,638.19,227.78,103.50,6
10,3559,426.51,574.02,68.70,29.14,3
10,3560,-1.18,454.03,70.81,68.54,5
10,3561,2432.12,506.23,87.09,27.32,3
11,3558,517.44,633.48,217.74,100.42,6
11,3559,426.36,573.62,67.68,28.98,3
11,3560,-1.36,453.30,70.10,69.44,5
11,3561,2442.24,506.93,86.38,26.08,3
12,3558,548.01,629.57,217.26,97.56,6
12,3559,424.91,573.63,68.32,28.85,3
12,3560,-1.28,453.12,69.19,69.76,5
12,3561,2450.46,508.13,92.73,26.55,3
13,3558,576.75,623.37,217.28,97.84,6
13,3559,424.82,573.80,67.31,28.23,3
13,3560,-1.00,453.39,67.70,69.55,5
13,3561,2461.06,508.58,92.04,26.62,3
14,3558,603.17,619.21,213.79,95.24,6
14,3559,424.56,573.85,66.57,27.31,3
14,3560,-0.92,453.74,66.82,69.10,5
14,3561,2474.07,507.46,89.77,28.36,3
15,3558,631.31,617.55,208.17,90.45,6
15,3559,423.23,573.64,67.83,27.07,3
15,3560,-0.80,453.96,66.12,68.70,5
15,3561,2488.54,507.29,84.63,27.34,3
15,3563,2465.47,985.39,61.70,76.31,0
16,3558,661.62,617.86,203.07,84.48,6
16,3559,423.26,573.44,68.01,27.25,3
16,3560,-0.86,454.35,65.47,68.30,5
16,3561,2500.65,506.74,81.89,28.08,3
16,3563,2464.74,985.37,62.32,76.36,0
17,3559,422.52,573.56,68.33,27.09,3
17,3560,-0.61,454.41,64.99,68.14,5
17,3561,2511.16,507.21,81.33,28.14,3
17,3563,2464.46,985.71,61.63,75.45,0
18,3559,421.49,573.30,68.60,26.97,3
18,3560,-0.31,454.35,64.23,68.19,5
18,3561,2523.79,507.14,80.62,25.96,3
18,3563,2464.43,984.91,61.74,75.61,0
18,3558,715.19,606.37,197.06,84.48,6
19,3561,2539.36,507.52,80.01,25.75,3
19,3563,2469.08,984.74,61.68,75.39,0
19,3558,745.98,600.96,193.90,84.49,6
20,3561,2562.58,511.14,85.59,27.36,3
20,3563,2485.11,986.10,60.40,76.10,0
20,3558,785.77,598.57,188.23,82.67,6
20,3559,439.39,571.93,68.66,26.65,3
20,3560,4.68,451.37,80.75,68.01,5
21,3561,2594.40,511.82,89.74,28.66,3
21,3558,827.30,594.01,184.25,82.91,6
21,3559,457.67,571.45,67.96,27.06,3
21,3560,8.20,451.36,96.74,66.53,5
22,3560,27.61,448.97,99.18,66.44,5
23,3558,917.56,593.50,175.87,75.05,6
23,3559,502.02,570.60,66.26,25.06,3
25,3565,1644.55,474.34,202.62,78.16,5
25,3558,1005.23,585.02,168.05,74.50,6
25,3559,549.91,568.89,65.18,24.93,3
25,3560,89.03,448.70,120.93,65.39,5
26,3565,1674.79,473.22,204.13,80.83,5
26,3566,1330.65,900.14,148.54,72.65,3
26,3558,1047.61,582.97,164.43,72.71,6
26,3559,573.19,568.45,63.93,25.32,3
27,3565,1704.82,474.55,210.58,79.86,5
27,3559,594.19,567.34,66.62,26.47,3
27,3560,144.73,449.19,118.29,62.79,5
28,3565,1739.07,474.83,206.65,78.72,5
28,3566,1423.46,914.57,155.15,74.21,3
28,3558,1130.11,574.07,162.53,74.41,6
29,3565,1767.91,476.06,211.77,77.62,5
29,3566,1469.42,922.37,158.61,75.06,3
29,3559,638.48,565.51,64.79,25.94,3
30,3565,1798.32,477.98,204.10,76.41,5
30,3560,223.53,447.13,113.99,61.64,5
30,3558,1210.54,567.23,157.89,74.55,6
31,3558,1250.10,569.24,154.37,69.36,6
31,3566,1558.66,936.83,168.24,79.11,3
31,3559,684.09,564.75,61.91,26.57,3
32,3558,1289.27,565.68,153.12,71.50,6
32,3573,11.62,496.61,50.87,25.44,3
32,3577,26.71,414.77,87.18,43.67,5
32,3566,1606.21,946.47,170.11,79.95,3
33,3558,1330.23,563.67,149.87,71.29,6
33,3559,726.63,563.72,63.24,27.09,3
34,3558,1364.89,563.63,147.37,69.23,6
34,3573,56.34,492.96,49.95,23.66,3
34,3566,1702.10,965.31,173.26,80.80,3
34,3577,85.15,414.67,85.35,43.48,5
35,3558,1383.98,565.08,151.15,62.78,6
35,3584,225.36,435.31,33.77,14.96,3
35,3585,106.07,534.76,57.79,33.93,3
35,3573,58.55,492.35,49.98,23.28,3
35,3559,751.84,563.22,62.79,26.52,3
36,3558,1403.83,557.23,147.20,67.54,6
36,3586,1370.62,807.92,121.30,54.91,3
36,3566,1770.26,979.22,174.10,84.70,3
37,3558,1421.28,553.03,146.79,68.32,6
37,3588,210.45,542.55,56.54,30.54,3
37,3584,226.78,435.21,33.23,14.89,3
37,3585,122.78,538.51,61.40,34.93,3
37,3573,49.24,490.06,48.01,23.74,3
37,3577,120.59,416.09,62.20,43.29,5
37,3559,752.68,563.23,61.92,25.83,3
38,3558,1438.77,551.52,143.18,67.35,6
38,3588,215.43,545.36,57.49,29.61,3
38,3584,226.04,435.30,33.60,14.80,3
38,3585,130.58,541.54,60.31,33.51,3
38,3586,1413.76,819.04,134.10,57.65,3
38,3566,1831.61,993.52,177.83,89.21,3
39,3586,1438.69,824.65,135.68,58.56,3
39,3566,1863.49,1003.02,180.26,88.30,3
39,3573,35.21,487.94,48.60,22.94,3
39,3577,119.80,415.61,61.44,44.13,5
39,3559,752.48,563.22,61.24,25.60,3
40,3586,1465.06,830.73,138.06,59.51,3
40,3566,1895.48,1011.48,184.36,89.98,3
40,3588,233.54,550.41,56.01,29.08,3
40,3584,225.43,435.28,33.16,14.89,3
40,3585,145.12,544.74,61.31,34.97,3
40,3558,1471.18,547.12,139.19,67.58,6
41,3586,1491.37,836.29,140.72,61.96,3
41,3590,-0.79,497.08,32.27,41.16,3
41,3585,151.53,547.07,64.58,35.31,3
41,3558,1487.48,543.95,138.84,67.96,6
41,3560,326.96,454.68,32.39,39.20,5
41,3573,23.04,485.55,48.29,22.89,3
41,3577,111.84,417.20,69.59,43.17,5
41,3559,752.72,563.60,60.12,25.04,3
42,3586,1516.59,842.50,143.87,62.20,3
42,3590,-0.58,498.52,36.80,41.11,3
42,3585,159.22,549.24,63.03,35.07,3
42,3577,96.20,415.80,82.26,42.94,5
42,3559,751.76,563.50,59.77,25.21,3
42,3566,1961.99,1027.08,187.92,95.04,3
42,3588,249.87,554.44,56.90,30.21,3
42,3584,224.62,435.69,32.91,14.84,3
43,3577,90.10,415.17,87.81,43.41,5
43,3559,750.93,563.73,60.32,24.59,3
43,3566,1996.52,1037.40,192.87,94.25,3
43,3588,258.19,556.43,57.66,30.30,3
43,3584,223.57,435.94,32.36,15.00,3
43,3573,11.56,483.27,49.08,23.93,3
43,3558,1519.14,542.07,132.36,63.99,6
43,3560,327.04,456.89,26.71,38.58,5
44,3577,110.63,418.57,65.64,41.41,5
44,3559,750.60,564.22,59.31,24.45,3
44,3566,2031.85,1046.26,195.40,95.34,3
44,3558,1535.13,539.03,129.39,63.97,6
44,3560,326.95,458.47,26.06,39.05,5
44,3586,1572.45,855.59,148.54,63.78,3
44,3590,-0.57,502.34,51.68,42.72,3
44,3585,175.30,553.38,62.37,35.95,3
45,3577,110.61,419.41,65.88,42.24,5
45,3559,750.02,564.49,59.30,25.31,3
45,3590,-0.53,504.58,59.35,42.60,3
45,3585,182.75,556.45,63.83,36.29,3
45,3588,272.31,560.43,61.93,32.80,3
45,3584,221.98,436.47,32.90,15.34,3
45,3573,0.96,480.83,46.37,25.42,3
46,3577,112.75,419.47,64.01,42.53,5
46,3588,279.05,564.50,62.09,31.00,3
46,3573,-0.90,480.09,41.71,24.96,3
46,3566,2102.92,1064.40,207.20,101.46,3
46,3586,1627.74,869.00,154.04,66.58,3
46,3558,1563.87,535.54,129.88,62.91,6
47,3577,95.55,417.56,79.78,43.13,5
47,3588,289.82,565.75,59.50,31.18,3
47,3558,1577.42,533.50,129.27,63.11,6
47,3559,749.43,564.61,59.89,24.40,3
47,3590,5.09,508.62,66.90,43.58,3
47,3585,196.86,560.52,64.83,37.14,3
47,3584,220.77,436.99,34.14,15.37,3
47,3560,326.19,456.17,26.80,38.80,5
48,3577,90.09,417.07,83.93,43.78,5
48,3558,1593.85,531.28,127.72,63.08,6
48,3584,220.10,437.57,33.56,15.27,3
48,3560,325.88,455.33,26.97,38.32,5
48,3573,-1.50,478.60,28.48,25.06,3
48,3566,2181.39,1086.34,211.58,100.85,3
48,3586,1684.28,882.40,159.59,69.73,3
49,3577,87.87,417.35,84.66,43.16,5
49,3584,219.98,437.67,32.76,15.52,3
49,3588,305.78,570.47,61.72,31.94,3
49,3559,746.30,565.05,61.82,25.75,3
49,3590,18.91,514.09,65.71,43.34,3
49,3585,211.63,564.99,65.40,37.64,3
50,3577,95.49,418.74,77.22,42.67,5
50,3590,25.94,516.27,66.41,43.90,3
50,3566,2262.98,1107.29,217.39,104.21,3
50,3586,1747.15,897.73,163.68,71.17,3
50,3558,1620.06,528.68,123.99,60.78,6
50,3573,-1.62,476.00,17.85,26.92,3
51,3577,94.93,418.94,76.44,42.17,5
51,3590,33.15,517.48,67.01,44.96,3
51,3584,219.24,437.72,33.16,16.33,3
51,3588,324.26,576.01,59.79,31.67,3
51,3559,745.21,565.33,61.23,25.56,3
51,3585,228.03,569.83,65.74,37.10,3
52,3577,91.26,419.17,80.15,42.08,5
52,3585,235.07,572.44,66.17,37.29,3
52,3566,2345.99,1126.92,231.24,109.32,3
52,3586,1813.97,912.46,166.91,71.87,3
52,3558,1649.45,525.99,118.19,60.45,6
53,3577,83.71,418.24,85.83,42.80,5
53,3590,45.99,521.33,68.89,44.80,3
53,3588,341.59,581.65,60.59,29.07,3
53,3559,744.58,565.59,60.58,24.61,3
53,3584,217.52,438.16,34.03,15.74,3
54,3584,217.21,438.25,34.11,15.68,3
54,3585,252.92,576.26,64.37,37.78,3
54,3566,2436.17,1148.74,240.90,112.81,3
54,3586,1882.82,927.93,171.59,74.25,3
54,3558,1677.27,523.61,113.92,57.30,6
55,3585,261.23,578.24,64.35,37.37,3
55,3590,59.41,524.78,69.94,46.48,3
55,3588,360.36,585.60,59.68,29.55,3
55,3559,744.52,565.80,60.43,24.96,3
55,3577,82.02,417.37,86.73,43.56,5
56,3585,267.81,580.09,64.51,37.03,3
56,3588,366.15,589.08,63.78,28.96,3
56,3566,2527.87,1172.78,206.14,118.06,3
56,3586,1953.73,943.73,179.50,77.06,3
56,3560,318.84,457.05,29.28,38.13,5
56,3558,1701.50,521.88,113.63,56.14,6
57,3585,275.69,582.48,63.56,35.86,3
57,3588,375.63,590.88,62.71,31.11,3
57,3560,318.34,459.70,28.02,36.63,5
57,3558,1713.50,520.32,113.50,56.69,6
57,3590,72.69,528.89,70.61,47.71,3
57,3559,743.33,565.62,61.84,25.47,3
57,3584,214.99,438.68,35.35,15.45,3
57,3577,97.05,419.19,70.07,42.88,5
58,3585,281.46,583.81,66.01,37.31,3
58,3588,382.30,593.01,65.15,31.78,3
58,3560,317.63,460.50,27.71,36.18,5
58,3559,741.88,566.09,62.62,25.08,3
58,3584,214.30,438.75,34.96,15.22,3
58,3577,83.24,417.61,84.33,43.70,5
58,3566,2622.97,1198.18,109.79,141.88,3
58,3586,2028.23,961.05,181.68,79.78,3
59,3585,290.11,586.16,66.73,38.42,3
59,3588,393.27,593.07,64.93,34.35,3
59,3560,316.44,459.40,29.21,38.12,5
59,3566,2664.21,1210.16,97.66,141.95,3
59,3586,2064.57,969.40,185.39,81.24,3
59,3590,86.34,533.63,71.43,48.41,3
59,3558,1738.77,517.76,110.76,55.69,6
60,3585,296.41,587.73,69.06,39.11,3
60,3566,2704.97,1222.14,85.50,142.04,3
60,3593,422.65,550.80,64.44,36.68,3
60,3558,1752.21,515.77,109.14,56.74,6
60,3559,740.43,566.17,64.15,25.52,3
60,3584,211.82,439.23,36.18,14.84,3
60,3577,82.74,417.56,83.13,42.84,5
61,3558,1766.07,514.08,107.74,56.70,6
61,3577,78.88,417.44,87.28,43.24,5
61,3588,415.75,596.30,65.42,36.15,3
61,3586,2142.28,987.09,191.75,83.38,3
61,3590,100.47,536.71,73.75,49.19,3
61,3560,315.80,460.25,28.45,38.12,5
62,3558,1773.76,511.75,107.07,52.95,6
62,3577,78.77,416.48,86.83,43.54,5
62,3586,2183.06,994.71,193.34,85.66,3
62,3585,311.04,590.98,70.42,39.35,3
62,3593,400.80,546.41,64.69,36.84,3
62,3559,739.24,565.94,63.70,25.03,3
62,3584,212.39,438.16,33.65,14.62,3
63,3558,1785.86,509.83,107.48,55.09,6
63,3577,88.08,414.63,77.12,45.43,5
63,3586,2224.13,1002.77,197.86,86.47,3
63,3590,113.47,537.88,73.45,49.23,3
64,3585,326.37,590.36,72.04,41.34,3
64,3593,380.45,539.35,60.89,35.53,3
64,3559,740.52,562.04,60.90,26.13,3
64,3584,209.88,434.45,34.40,15.23,3
65,3586,2310.78,1020.52,205.99,87.69,3
65,3590,125.89,539.13,75.74,50.99,3
65,3558,1809.85,505.19,101.13,54.43,6
65,3577,82.78,414.56,81.37,41.18,5
66,3586,2357.94,1031.62,206.56,90.24,3
66,3590,134.38,541.55,73.69,50.84,3
66,3585,343.37,594.15,68.42,40.34,3
66,3593,355.48,533.80,63.94,35.94,3
66,3584,207.82,433.81,34.04,15.23,3
66,3559,739.48,562.35,60.01,24.63,3
67,3584,207.42,433.83,34.19,15.18,3
67,3559,738.01,562.32,61.79,25.08,3
67,3558,1875.40,502.13,57.41,48.79,6
67,3577,77.57,412.93,84.92,41.65,5
68,3584,205.66,434.14,34.48,15.21,3
68,3559,736.75,562.40,61.74,25.45,3
68,3586,2453.51,1055.96,216.83,93.69,3
68,3590,145.62,546.78,74.16,51.38,3
68,3585,353.91,597.61,73.03,40.12,3
68,3593,333.76,531.99,59.77,34.90,3
69,3593,323.81,532.53,60.51,32.99,3
69,3577,77.59,413.82,80.42,42.08,5
70,3593,312.17,530.17,62.16,33.75,3
70,3584,202.15,434.38,34.42,15.19,3
70,3559,735.58,562.98,59.87,25.43,3
70,3586,2555.71,1081.43,179.19,102.50,3
70,3590,155.75,551.77,74.60,51.56,3
70,3585,369.13,602.68,60.39,36.52,3
71,3593,302.37,528.18,60.89,33.92,3
71,3577,71.89,415.41,83.37,41.75,5
72,3593,291.14,526.64,58.21,34.29,3
72,3559,731.08,563.98,63.25,26.14,3
72,3590,167.24,556.84,76.99,53.51,3
73,3584,199.78,434.85,34.15,16.08,3
73,3577,70.32,416.01,81.23,42.15,5
74,3584,199.33,435.30,33.91,15.88,3
74,3559,728.63,566.73,61.53,24.38,3
74,3590,177.57,562.06,77.23,54.61,3
74,3593,269.22,524.81,57.12,33.41,3
75,3584,197.54,435.30,34.36,15.91,3
76,3559,724.57,566.74,62.66,23.81,3
76,3590,186.13,568.08,78.10,54.34,3
76,3577,57.63,415.21,88.28,42.77,5
76,3593,246.59,522.44,57.27,32.85,3
77,3559,722.78,567.81,63.17,23.71,3
77,3584,194.43,435.44,33.64,15.36,3
78,3559,721.22,568.01,62.04,24.39,3
78,3595,296.96,445.40,111.07,63.43,5
78,3590,194.38,572.58,80.91,55.15,3
78,3577,46.11,414.70,97.81,44.44,5
78,3593,223.37,518.71,56.06,32.73,3
79,3559,721.24,568.85,60.93,24.80,3
79,3584,189.05,435.80,34.34,15.43,3
80,3559,718.38,568.51,60.93,25.83,3
80,3590,203.31,578.81,80.44,56.46,3
80,3577,39.14,414.17,98.34,46.19,5
80,3595,293.70,447.75,104.36,60.57,5
80,3593,199.32,515.85,55.44,33.12,3
81,3559,710.44,569.83,63.79,25.94,3
81,3584,178.70,436.31,33.96,15.66,3
82,3590,202.33,586.27,81.31,57.54,3
82,3577,22.20,414.72,98.52,45.00,5
82,3593,165.75,514.95,56.12,32.16,3
82,3595,273.66,448.50,109.27,59.49,5
83,3597,1767.84,461.56,114.73,63.67,5
83,3590,188.35,590.54,84.45,58.96,3
83,3577,0.53,415.04,99.77,46.42,5
83,3559,685.98,571.43,63.67,26.96,3
83,3584,150.27,437.47,35.00,16.16,3
84,3593,103.26,516.07,55.21,31.92,3
84,3595,229.90,450.12,113.33,64.26,5
85,3593,64.31,519.38,56.90,32.71,3
85,3590,149.78,605.03,87.45,60.32,3
85,3577,-11.35,425.65,56.53,44.49,5
85,3559,638.16,580.35,67.14,27.02,3
85,3597,1714.24,466.18,122.76,65.56,5
85,3584,96.35,445.01,34.87,15.93,3
86,3590,130.41,614.32,91.06,62.03,3
86,3577,-30.34,432.95,52.61,44.30,5
86,3559,615.40,585.46,68.03,28.10,3
87,3584,38.92,452.63,33.78,15.23,3
87,3593,-2.23,525.44,47.95,31.21,3
87,3597,1662.81,470.92,132.37,65.97,5
88,3597,1642.12,473.14,136.46,66.53,5
88,3559,569.10,589.32,71.41,29.03,3
89,3597,1628.04,473.40,138.96,68.71,5
89,3559,557.72,590.49,72.18,30.15,3
89,3590,93.09,631.59,93.32,60.30,3
90,3597,1624.33,475.38,130.07,67.94,5
90,3559,552.99,590.87,75.42,29.39,3
91,3597,1618.75,475.36,129.13,68.59,5
91,3559,551.79,591.43,73.44,28.76,3
91,3590,104.01,638.12,93.25,59.00,3
92,3597,1612.06,474.94,137.65,68.67,5
92,3559,551.56,591.16,73.64,29.54,3
92,3590,112.65,640.80,91.16,56.42,3
93,3597,1607.87,476.05,135.33,68.49,5
94,3597,1598.41,476.03,145.20,69.09,5
94,3584,-1.21,454.31,26.06,16.40,3
95,3597,1591.24,476.12,148.91,69.99,5
95,3584,-1.78,454.05,25.59,16.65,3
95,3559,550.47,592.30,72.70,30.87,3
97,3559,548.79,592.29,72.64,28.91,3
97,3597,1579.87,477.22,143.42,70.01,5
98,3599,1198.55,466.58,50.38,18.62,3
98,3559,549.32,591.89,71.69,28.46,3
99,3597,1568.00,478.15,140.09,70.37,5
100,3597,1559.00,477.90,155.57,70.89,5
100,3599,1188.60,465.93,51.98,19.40,3
100,3559,547.75,591.99,70.25,28.23,3
101,3597,1552.98,479.09,140.68,71.89,5
101,3599,1175.84,465.51,60.60,20.78,3
102,3559,548.89,593.07,66.56,27.16,3
103,3599,1169.81,467.19,55.92,18.71,3
103,3597,1540.34,479.82,131.88,73.06,5
104,3599,1169.93,466.91,50.56,18.44,3
104,3597,1533.78,480.94,134.97,74.44,5
104,3559,540.69,593.68,73.76,30.28,3
105,3599,1159.60,467.19,51.47,18.13,3
105,3597,1523.73,481.85,139.41,73.85,5
106,3599,1153.52,467.76,53.11,18.06,3
106,3559,535.68,594.73,76.33,30.49,3
107,3599,1156.04,468.99,47.83,17.27,3
107,3597,1509.34,482.46,141.96,74.20,5
108,3599,1152.48,468.91,47.03,17.37,3
108,3559,534.89,595.38,75.88,30.79,3
109,3597,1494.38,483.38,146.25,75.72,5
110,3559,534.32,595.14,75.01,31.35,3
111,3597,1479.86,485.04,143.74,75.88,5
112,3559,534.90,595.28,74.87,31.77,3
113,3597,1465.61,488.15,141.41,74.95,5
114,3559,532.90,595.10,75.14,33.18,3
115,3597,1448.28,488.04,147.86,76.58,5
116,3559,531.45,594.72,73.83,32.00,3
117,3597,1432.37,489.90,147.20,76.97,5
118,3559,524.35,594.44,77.20,33.49,3
119,3597,1403.61,491.82,150.08,77.40,5
120,3597,1378.07,492.41,151.69,78.12,5
120,3559,494.48,596.80,75.29,33.07,3
122,3559,451.32,598.58,75.94,31.78,3
122,3597,1324.56,493.55,154.18,79.22,5
123,3559,443.48,599.04,75.37,31.63,3
124,3600,-0.86,464.05,100.98,71.19,5
124,3597,1297.84,494.42,156.12,80.48,5
125,3559,436.59,598.67,77.50,33.25,3
126,3602,1265.83,913.17,138.41,66.25,4
126,3600,-0.86,464.24,95.58,71.33,5
126,3597,1276.49,496.60,161.84,81.71,5
127,3597,1267.78,498.43,164.46,82.08,5
127,3559,437.05,599.65,73.94,32.82,3
128,3559,436.59,600.62,73.37,33.86,3
128,3602,1320.39,929.95,148.24,69.65,4
128,3600,-1.23,464.76,94.60,73.60,5
129,3602,1351.48,938.67,152.70,71.14,4
129,3600,-0.67,466.72,92.48,71.92,5
129,3597,1249.49,501.88,162.52,83.11,5
130,3600,0.08,467.75,92.16,70.58,5
130,3597,1238.03,501.41,166.40,84.59,5
130,3559,435.67,601.55,72.78,34.61,3
131,3597,1227.57,501.84,169.22,85.08,5
131,3559,435.10,601.58,73.51,35.46,3
131,3602,1415.58,953.10,158.93,73.27,4
132,3559,433.96,601.37,74.01,35.62,3
132,3602,1448.99,961.18,162.20,73.22,4
132,3600,0.24,468.10,91.07,69.95,5
133,3602,1484.65,967.49,164.29,75.62,4
133,3600,-0.02,467.51,90.54,70.38,5
133,3597,1207.91,502.58,169.24,86.81,5
134,3600,-0.48,467.05,89.19,70.41,5
134,3597,1196.67,502.90,175.17,87.39,5
134,3559,433.11,600.90,73.46,34.61,3
135,3597,1187.06,503.52,176.98,87.65,5
135,3559,433.02,600.74,73.70,34.87,3
135,3602,1551.00,982.98,170.64,78.13,4
136,3559,431.71,600.41,74.65,35.18,3
136,3602,1587.36,991.67,174.42,78.72,4
136,3600,-0.54,466.77,88.03,70.50,5
137,3602,1623.44,1001.36,172.98,78.28,4
137,3600,-1.80,466.38,85.60,71.18,5
137,3597,1160.65,504.40,182.38,88.85,5
138,3600,-3.03,466.21,78.30,72.29,5
138,3597,1144.97,505.18,184.38,88.42,5
138,3559,423.01,600.56,74.50,34.02,3
139,3600,-3.09,468.08,68.88,72.15,5
139,3559,414.70,600.75,76.07,34.73,3
139,3602,1690.72,1016.18,176.61,81.85,4
140,3600,-2.09,468.31,59.91,72.00,5
140,3602,1721.44,1025.00,183.24,82.13,4
140,3597,1108.89,504.97,190.88,91.28,5
141,3600,-1.90,468.42,52.14,71.82,5
141,3602,1755.52,1032.31,183.83,84.74,4
141,3597,1092.51,505.66,191.09,92.76,5
141,3559,399.77,600.97,75.55,35.71,3
142,3600,-1.71,472.47,41.61,68.98,5
142,3602,1790.47,1040.26,187.14,86.40,4
142,3597,1079.73,507.01,189.66,93.64,5
142,3559,393.89,601.15,74.25,35.34,3
143,3602,1827.15,1047.32,187.67,88.88,4
143,3597,1063.57,508.39,193.07,94.38,5
143,3559,385.66,601.48,75.39,34.76,3
144,3597,1048.55,509.41,190.22,93.86,5
144,3559,376.71,601.49,76.27,33.90,3
145,3559,369.15,601.54,77.97,34.00,3
145,3602,1901.34,1063.65,193.43,90.95,4
146,3602,1943.72,1073.87,193.48,90.52,4
146,3597,1013.87,510.85,195.15,94.44,5
147,3597,999.87,510.97,200.56,96.84,5
147,3559,364.88,600.88,76.14,35.88,3
148,3559,364.33,600.73,76.08,36.17,3
148,3602,2035.39,1093.83,198.65,92.98,4
149,3602,2083.55,1103.99,199.70,94.42,4
149,3597,976.71,513.04,202.25,97.69,5
150,3597,968.47,513.45,200.74,98.82,5
150,3559,362.50,601.25,77.78,36.83,3
151,3604,1208.24,948.36,159.79,87.35,3
151,3559,362.71,601.42,77.26,36.65,3
151,3602,2182.03,1126.05,207.09,97.21,4
152,3559,364.05,602.00,75.78,35.96,3
152,3605,942.23,925.42,169.99,102.84,4
152,3602,2229.09,1137.40,215.65,102.45,4
152,3597,945.30,516.52,203.63,99.73,5
153,3605,967.93,927.96,171.20,107.79,4
153,3602,2283.76,1149.70,215.79,100.16,4
153,3597,929.15,516.57,210.84,103.48,5
153,3604,1263.74,962.17,165.11,88.80,3
154,3602,2336.60,1160.44,223.57,102.28,4
154,3597,916.88,518.26,214.45,104.26,5
154,3604,1295.59,968.19,163.81,91.32,3
154,3559,362.93,602.47,76.79,36.20,3
155,3597,905.80,521.46,213.71,102.72,5
155,3604,1324.07,974.53,168.51,93.29,3
155,3559,363.18,602.44,76.32,36.52,3
155,3605,1033.64,941.28,175.20,113.90,4
156,3604,1355.90,982.12,170.23,95.34,3
156,3559,363.21,602.96,75.67,36.81,3
156,3605,1062.05,946.69,180.55,117.95,4
156,3602,2444.88,1184.01,242.46,107.24,4
157,3559,363.01,603.18,75.52,36.77,3
157,3605,1094.59,951.99,181.58,120.69,4
157,3607,2269.70,962.14,161.91,62.23,3
157,3602,2501.47,1195.43,224.25,111.97,4
157,3597,884.33,525.91,215.58,101.78,5
158,3559,361.90,603.14,78.85,37.92,3
158,3607,2237.38,957.49,160.25,61.10,3
158,3602,2562.54,1208.70,175.17,131.99,4
158,3597,870.87,526.89,218.14,102.71,5
158,3604,1418.10,996.01,176.79,99.22,3
159,3559,362.71,603.83,78.36,37.15,3
159,3602,2625.94,1216.32,113.55,139.69,4
159,3597,860.32,527.85,220.22,103.76,5
159,3604,1454.32,1004.36,177.94,97.57,3
159,3605,1161.04,966.30,185.89,126.36,4
160,3597,847.50,529.31,222.42,105.24,5
160,3604,1486.04,1012.87,183.47,98.99,3
160,3605,1196.89,974.12,187.01,127.04,4
160,3607,2167.71,947.14,151.11,60.03,3
161,3605,1231.83,981.99,188.54,129.45,4
161,3607,2134.65,941.60,149.90,62.81,3
161,3559,365.71,604.61,77.86,37.36,3
162,3559,366.68,604.85,77.19,37.02,3
162,3597,824.48,534.70,224.44,105.85,5
162,3604,1557.14,1026.84,188.86,104.02,3
163,3604,1595.53,1036.24,189.37,103.29,3
163,3605,1302.29,999.21,196.32,134.35,4
163,3607,2068.24,932.97,149.56,60.11,3
164,3607,2037.34,927.99,148.56,61.10,3
164,3559,365.34,605.62,79.68,36.79,3
164,3597,790.64,535.80,238.10,109.28,5
165,3597,780.08,537.87,238.59,109.07,5
165,3604,1674.74,1053.65,192.86,107.11,3
165,3605,1377.67,1017.16,201.78,136.57,4
166,3605,1412.89,1025.50,208.89,140.38,4
166,3607,1976.46,918.24,144.56,59.96,3
166,3559,364.62,606.76,80.39,35.45,3
167,3559,364.38,606.95,81.35,35.01,3
167,3597,754.55,542.22,237.20,109.80,5
167,3604,1754.43,1072.28,198.74,110.69,3
168,3604,1795.15,1081.32,202.58,113.00,3
168,3605,1494.00,1043.37,217.02,143.53,4
168,3607,1914.98,909.23,141.39,56.69,3
169,3607,1885.01,903.77,140.60,56.39,3
169,3559,363.72,607.26,80.03,35.13,3
169,3597,729.52,544.16,239.01,114.57,5
170,3597,716.05,546.89,238.51,114.65,5
170,3604,1879.48,1099.27,213.35,115.09,3
170,3605,1579.26,1061.61,222.15,149.59,4
171,3605,1624.31,1071.50,224.94,152.94,4
171,3607,1824.16,893.57,140.24,54.76,3
171,3559,360.32,608.08,78.07,33.62,3
172,3605,1669.96,1081.74,227.82,150.93,4
172,3608,431.84,462.73,126.54,48.06,5
172,3597,681.83,551.80,244.53,115.20,5
172,3604,1970.13,1116.56,215.81,116.36,3
173,3605,1717.58,1090.09,229.75,153.47,4
173,3604,2018.14,1123.68,218.52,120.60,3
173,3607,1763.18,885.02,135.19,50.59,3
173,3559,358.75,609.77,78.05,35.49,3
174,3607,1738.78,881.09,132.12,49.43,3
174,3559,360.08,610.17,77.32,34.39,3
174,3608,416.51,464.32,139.00,44.75,5
174,3597,650.78,556.63,250.15,116.95,5
175,3559,359.97,610.01,78.25,34.56,3
175,3608,408.72,462.91,139.67,45.23,5
175,3597,632.70,557.97,256.97,118.05,5
175,3605,1815.93,1108.71,238.83,163.01,4
175,3604,2117.33,1142.83,225.07,119.75,3
176,3608,396.44,462.70,149.26,45.46,5
176,3597,614.55,559.07,264.11,120.25,5
176,3605,1866.87,1117.13,241.58,166.27,4
176,3604,2166.08,1153.21,232.87,123.42,3
176,3607,1685.46,871.30,127.74,48.59,3
177,3608,387.11,462.15,155.29,44.10,5
177,3605,1914.40,1123.65,249.47,172.75,4
177,3604,2216.73,1161.26,238.28,128.82,3
177,3607,1655.83,863.71,129.25,50.57,3
177,3559,361.20,608.68,77.10,32.88,3
178,3604,2268.92,1170.27,239.49,132.71,3
178,3607,1626.45,860.06,130.80,48.67,3
178,3559,362.14,608.42,76.92,34.53,3
178,3597,581.91,560.66,268.41,124.55,5
179,3604,2320.06,1182.05,247.20,134.13,3
179,3597,562.01,561.44,269.89,125.34,5
179,3605,2017.09,1145.49,256.83,176.97,4
180,3605,2068.40,1152.60,260.17,178.42,4
180,3607,1574.79,847.24,120.45,45.90,3
180,3559,360.84,603.02,77.97,34.59,3
181,3559,359.43,593.16,79.71,35.01,3
181,3604,2427.13,1189.26,258.46,137.71,3
181,3597,530.87,551.19,271.53,128.86,5
182,3610,2603.49,912.32,117.25,117.17,5
182,3597,507.04,543.17,281.38,128.92,5
182,3605,2174.62,1154.06,269.15,185.28,4
182,3607,1524.18,819.02,115.65,43.67,3
183,3607,1496.73,804.94,113.60,43.54,3
183,3559,357.61,573.45,81.58,35.84,3
183,3604,2536.72,1193.79,200.82,151.68,3
184,3607,1473.91,791.86,114.87,44.14,3
184,3610,2550.92,887.92,167.44,131.95,5
184,3597,464.17,527.45,292.86,133.85,5
184,3605,2285.46,1158.94,277.27,188.09,4
185,3559,357.27,555.98,78.14,36.07,3
186,3559,357.59,554.12,74.45,35.70,3
186,3610,2490.10,868.76,228.44,136.88,5
186,3597,427.03,520.60,297.39,136.66,5
186,3605,2396.30,1174.51,299.48,192.81,4
187,3559,357.77,552.18,75.95,34.84,3
188,3610,2429.26,866.14,261.64,130.08,5
188,3597,384.39,524.84,299.11,139.25,5
188,3605,2519.77,1201.64,221.73,196.76,4
189,3610,2399.07,862.75,263.28,131.03,5
190,3597,335.45,531.50,311.67,140.68,5
191,3610,2342.41,856.00,253.95,127.89,5
192,3597,278.87,534.37,328.72,146.90,5
193,3610,2284.83,847.84,243.90,124.94,5
194,3610,2257.20,844.81,238.38,124.46,5
194,3597,224.32,540.87,342.09,149.93,5
196,3610,2202.21,837.37,238.61,121.49,5
196,3597,165.44,547.76,361.66,151.46,5
198,3610,2152.14,830.87,227.14,118.51,5
198,3597,108.19,551.50,372.07,157.81,5
200,3610,2098.47,823.95,220.98,119.65,5
200,3597,46.26,560.99,387.43,159.90,5
201,3610,2069.65,820.23,220.92,123.84,5
202,3610,2044.23,814.77,219.44,123.40,5
202,3597,-0.49,568.95,383.66,163.32,5
202,3559,338.28,549.93,94.16,35.88,3
204,3612,1134.23,890.14,157.81,75.92,3
204,3597,-11.58,575.45,341.87,177.60,5
204,3559,353.96,550.07,79.37,34.47,3
204,3610,1995.07,809.68,211.88,118.58,5
205,3612,1162.67,896.48,160.76,77.50,3
205,3597,-9.22,578.26,309.47,179.87,5
206,3559,354.62,549.90,78.48,34.53,3
206,3610,1942.97,801.90,210.95,119.60,5
207,3614,970.96,896.88,145.44,72.47,4
207,3615,482.88,419.24,71.18,26.91,3
207,3612,1233.04,913.36,168.35,78.18,3
207,3597,-5.39,583.18,248.48,191.85,5
208,3559,350.91,549.37,80.44,35.36,3
208,3610,1893.67,794.76,206.98,116.04,5
209,3614,1027.75,908.31,152.88,75.31,4
209,3615,481.13,421.48,64.90,25.73,3
209,3612,1303.01,927.07,175.04,82.85,3
209,3597,-3.61,592.05,185.87,185.62,5
210,3597,-1.14,593.44,151.99,186.26,5
210,3559,352.75,548.99,79.73,34.91,3
210,3610,1845.18,788.23,205.47,112.86,5
211,3614,1092.53,922.65,153.31,77.93,4
211,3615,472.23,421.13,61.05,26.00,3
211,3612,1374.56,944.02,183.37,84.25,3
212,3597,-0.51,593.87,84.12,199.85,5
212,3559,349.47,548.61,81.25,35.78,3
212,3610,1796.76,782.50,200.37,108.76,5
213,3559,349.58,548.87,81.19,36.05,3
213,3614,1158.01,936.60,156.42,81.29,4
213,3615,451.80,421.76,71.93,25.70,3
213,3612,1449.64,961.48,189.64,87.45,3
214,3610,1748.84,774.95,199.67,109.84,5
215,3610,1726.14,772.48,197.15,104.00,5
215,3559,349.16,548.90,81.01,35.71,3
215,3614,1224.59,951.28,160.43,83.27,4
215,3615,440.12,421.75,71.04,25.50,3
215,3612,1527.06,979.39,196.47,90.35,3
216,3618,2602.84,895.57,116.64,61.37,3
216,3612,1569.36,989.55,198.72,90.55,3
217,3610,1677.56,764.12,198.21,106.45,5
217,3559,347.49,548.97,82.05,35.25,3
217,3614,1291.86,967.24,166.55,86.39,4
217,3615,432.14,422.04,60.37,23.24,3
218,3614,1326.86,974.89,169.62,87.71,4
218,3615,426.47,422.48,63.59,23.68,3
218,3618,2545.84,888.00,174.79,63.76,3
218,3612,1655.14,1009.11,203.19,93.67,3
219,3618,2514.96,884.33,188.89,63.35,3
219,3612,1699.07,1019.72,207.30,94.49,3
219,3610,1633.18,758.07,193.37,105.45,5
219,3559,347.37,549.27,81.20,35.02,3
220,3610,1610.08,755.43,193.24,103.60,5
220,3559,346.70,549.41,80.74,34.64,3
220,3614,1399.62,992.30,174.24,91.26,4
220,3615,412.96,423.40,68.13,23.13,3
221,3614,1437.02,1001.11,178.11,92.75,4
221,3615,408.00,423.72,69.78,22.88,3
221,3618,2454.23,875.80,191.24,61.71,3
221,3612,1790.33,1039.14,214.78,100.17,3
222,3615,406.54,424.68,67.35,21.93,3
222,3618,2423.32,871.97,192.22,60.25,3
222,3612,1837.26,1050.73,218.90,100.24,3
222,3610,1567.13,749.30,191.05,101.69,5
222,3559,345.40,549.59,81.55,33.75,3
223,3618,2393.94,868.20,188.34,59.37,3
223,3612,1885.51,1061.59,224.18,103.02,3
223,3610,1545.50,745.83,187.32,102.78,5
223,3559,346.28,549.82,80.14,33.72,3
223,3614,1516.46,1021.09,186.10,94.86,4
224,3612,1936.70,1074.02,226.50,102.82,3
224,3610,1524.35,742.36,185.65,100.83,5
224,3559,345.33,550.01,81.14,33.65,3
224,3614,1558.88,1030.99,187.69,97.01,4
224,3615,392.79,425.12,67.68,21.28,3
225,3610,1503.92,739.60,184.19,98.16,5
225,3559,346.13,550.73,79.40,33.69,3
225,3614,1601.14,1039.66,191.45,101.83,4
225,3620,2604.53,1024.68,115.74,103.63,3
225,3615,382.35,424.86,71.45,21.61,3
225,3618,2336.69,859.66,186.21,61.25,3
226,3559,345.26,550.84,79.73,33.42,3
226,3614,1645.15,1050.94,195.81,102.15,4
226,3620,2564.84,1017.54,155.06,98.86,3
226,3615,369.34,424.39,78.41,22.78,3
226,3618,2308.08,856.07,183.58,61.31,3
226,3612,2038.34,1096.29,235.40,107.20,3
227,3614,1690.15,1061.92,197.08,102.78,4
227,3620,2519.21,1008.59,198.64,93.22,3
227,3615,347.01,423.85,97.53,26.39,3
227,3618,2281.06,852.60,178.13,61.05,3
227,3612,2092.60,1108.16,241.88,109.53,3
227,3610,1463.31,736.64,178.68,92.59,5
228,3614,1736.01,1072.12,199.92,105.52,4
228,3620,2472.74,1000.11,215.54,91.49,3
228,3618,2252.40,849.52,176.79,59.87,3
228,3612,2148.46,1120.68,246.09,111.15,3
228,3610,1447.74,734.52,173.03,92.61,5
228,3559,345.26,551.00,80.06,33.31,3
229,3614,1784.18,1083.28,203.05,106.31,4
229,3612,2203.45,1132.89,252.18,113.72,3
229,3610,1426.53,731.41,172.58,92.87,5
229,3559,346.15,550.98,78.15,33.29,3
230,3614,1830.98,1095.65,210.41,106.52,4
230,3559,346.17,551.18,77.55,33.04,3
230,3620,2376.62,983.53,217.72,86.88,3
230,3618,2196.98,841.71,177.70,59.55,3
231,3614,1882.70,1106.55,211.13,109.00,4
231,3618,2169.89,838.21,172.65,59.04,3
231,3612,2321.62,1158.81,267.15,119.04,3
231,3610,1383.96,725.34,172.40,92.57,5
232,3610,1362.59,721.91,170.87,92.70,5
232,3559,344.47,550.74,80.57,33.86,3
232,3620,2283.79,966.17,208.92,84.23,3
233,3614,1986.21,1129.81,216.57,111.96,4
233,3618,2117.08,830.46,168.08,58.10,3
233,3612,2444.78,1186.93,272.10,121.12,3
234,3622,2590.97,914.37,129.52,64.78,3
234,3559,342.63,550.01,83.11,33.75,3
234,3620,2196.96,950.89,202.04,82.18,3
235,3614,2093.25,1154.71,228.29,115.68,4
235,3618,2065.13,822.92,163.53,57.12,3
235,3612,2575.81,1213.82,164.97,146.15,3
236,3612,2629.74,1226.64,157.45,147.68,3
236,3622,2533.69,908.18,183.36,62.33,3
236,3559,342.25,550.25,83.28,33.27,3
236,3620,2112.50,936.15,193.91,80.35,3
236,3615,293.47,425.25,115.16,27.98,3
237,3615,286.94,425.46,117.36,27.91,3
237,3614,2208.12,1180.41,243.38,120.93,4
237,3618,2014.59,815.63,161.26,56.57,3
238,3622,2471.74,900.09,197.42,65.76,3
238,3559,342.57,549.89,82.55,33.23,3
238,3620,2033.84,920.84,189.02,81.24,3
239,3624,-0.22,594.78,33.73,48.26,3
239,3614,2330.80,1209.20,252.56,124.42,4
239,3618,1964.05,808.56,159.48,56.19,3
240,3622,2412.01,892.96,192.18,61.08,3
240,3559,342.60,549.90,82.48,33.03,3
240,3620,1958.43,907.08,182.23,79.51,3
241,3624,0.10,606.25,52.58,41.94,3
241,3614,2458.38,1239.67,255.95,125.20,4
241,3618,1918.04,800.73,155.89,55.83,3
242,3559,341.66,549.73,84.05,33.72,3
242,3620,1885.04,893.67,176.57,77.61,3
242,3622,2351.93,885.61,190.16,60.77,3
243,3559,341.81,549.41,83.83,33.88,3
243,3624,0.82,611.58,70.48,40.40,3
243,3614,2597.03,1267.91,142.95,156.64,4
243,3618,1873.35,794.32,150.00,53.71,3
244,3620,1815.40,880.91,168.05,74.98,3
244,3622,2298.13,877.56,185.18,60.74,3
245,3559,341.77,547.15,81.88,33.77,3
245,3624,8.11,614.10,82.62,32.86,3
245,3618,1827.39,785.83,147.49,52.41,3
246,3620,1745.01,867.22,166.40,72.13,3
246,3622,2242.91,869.95,182.39,57.51,3
247,3559,342.94,546.15,78.91,34.29,3
247,3618,1782.03,778.52,145.90,51.16,3
247,3624,27.64,616.73,80.95,33.85,3
248,3559,343.19,546.25,78.42,34.75,3
248,3620,1677.76,854.69,163.17,71.69,3
248,3622,2189.61,863.16,177.97,58.83,3
249,3618,1741.31,772.28,137.21,49.13,3
250,3559,342.33,545.78,77.79,34.97,3
250,3620,1612.13,844.69,159.01,69.11,3
250,3622,2137.83,855.58,177.09,61.97,3
251,3618,1697.49,765.76,136.60,49.32,3
252,3559,340.94,545.83,78.53,34.42,3
252,3620,1548.50,833.24,155.60,69.49,3
252,3622,2087.20,851.07,168.55,58.40,3
253,3559,341.29,546.07,77.91,34.55,3
253,3618,1655.25,759.62,134.69,47.43,3
254,3620,1486.97,823.90,151.78,67.63,3
254,3622,2038.35,846.65,165.72,57.25,3
255,3618,1616.80,755.63,129.34,45.76,3
255,3559,340.57,546.37,75.37,35.25,3
256,3620,1429.52,817.67,147.54,66.06,3
256,3622,1989.48,842.84,161.22,57.69,3
257,3618,1577.98,754.36,127.35,45.87,3
257,3559,334.79,550.62,74.95,32.61,3
258,3626,185.21,574.08,75.73,33.99,3
258,3620,1372.26,813.54,145.44,62.87,3
258,3622,1941.42,841.60,162.47,56.20,3
259,3618,1539.46,752.92,126.37,44.55,3
259,3559,338.33,553.58,70.74,33.42,3
260,3626,160.56,572.57,77.06,34.82,3
260,3620,1317.53,807.53,140.57,60.19,3
260,3622,1895.06,836.99,158.84,56.11,3
261,3559,335.11,554.28,73.10,34.73,3
262,3626,131.39,569.69,77.59,32.79,3
262,3620,1265.84,802.59,134.41,53.58,3
262,3622,1843.53,830.35,159.98,56.24,3
263,3559,332.80,553.21,76.66,32.95,3
264,3626,105.78,563.49,75.98,32.49,3
264,3622,1796.18,823.60,153.99,54.40,3
265,3559,333.16,551.86,76.63,33.95,3
