1,7769,147.71,690.49,285.22,116.34,6
1,7770,430.00,575.88,68.34,27.17,3
1,7771,-0.95,453.91,76.50,68.84,5
1,7772,2350.87,502.07,78.54,26.94,3
2,7769,183.04,681.26,287.08,117.01,6
2,7770,429.98,576.25,68.93,27.42,3
2,7771,-1.60,453.05,78.61,70.78,5
2,7772,2353.83,502.03,89.51,30.72,3
3,7769,219.98,676.01,278.12,113.41,6
3,7770,429.60,575.50,70.46,28.03,3
3,7771,-0.88,453.98,76.98,69.32,5
3,7772,2362.26,503.67,87.53,30.02,3
4,7769,269.11,668.77,278.17,114.10,6
4,7770,428.35,575.63,69.37,27.58,3
4,7771,-1.58,453.72,76.93,69.35,5
4,7772,2374.78,503.77,85.81,29.38,3
5,7769,304.34,662.84,273.71,112.64,6
5,7770,426.80,575.20,71.70,28.58,3
5,7771,-2.48,454.84,75.52,68.21,5
5,7772,2385.51,503.76,84.57,28.97,3
6,7769,336.42,658.26,267.43,110.47,6
6,7770,428.03,575.27,68.99,27.51,3
6,7771,-2.49,455.28,74.64,67.53,5
6,7772,2395.51,504.93,82.65,28.23,3
6,7774,2379.01,1081.45,82.87,73.98,0
7,7769,372.17,653.16,261.01,108.27,6
7,7770,427.47,574.52,70.46,28.17,3
7,7771,-3.09,454.85,74.97,68.09,5
7,7772,2405.55,505.33,84.09,28.64,3
7,7774,2378.66,1080.62,82.93,74.01,0
8,7769,409.98,648.82,250.58,104.29,6
8,7770,425.98,574.13,70.95,28.39,3
8,7771,-2.96,454.36,75.57,68.93,5
8,7772,2415.29,504.34,81.41,27.74,3
8,7774,2378.41,1080.36,81.95,73.10,0
9,7769,442.88,644.29,246.73,103.14,6
9,7770,424.58,574.45,72.63,29.21,3
9,7771,-2.75,454.51,74.89,68.55,5
9,7772,2427.20,505.57,80.83,27.44,3
9,7774,2379.73,1082.18,79.29,70.62,0
10,7769,472.55,638.55,246.07,103.50,6
10,7770,424.94,574.49,72.19,29.14,3
10,7771,-2.57,454.30,74.60,68.54,5
10,7772,2435.83,506.90,81.01,27.30,3
10,7774,2379.39,1081.83,79.74,70.98,0
11,7770,425.01,574.04,71.48,28.98,3
11,7771,-3.56,454.02,75.11,69.44,5
11,7772,2447.42,507.74,78.24,26.11,3
11,7774,2379.54,1081.99,79.01,70.32,0
12,7770,424.03,574.01,70.97,28.84,3
12,7771,-3.69,454.03,74.93,69.76,5
12,7772,2457.50,508.62,80.69,26.54,3
12,7774,2379.86,1080.06,80.22,71.36,0
12,7769,542.16,629.87,230.89,98.09,6
13,7770,424.30,574.52,69.31,28.23,3
13,7771,-3.54,454.17,74.10,69.55,5
13,7772,2467.09,508.94,81.68,26.60,3
13,7774,2379.87,1079.61,80.23,71.41,0
13,7769,571.07,623.49,230.72,98.47,6
14,7771,-3.46,454.33,73.06,69.09,5
14,7772,2476.00,507.94,86.80,28.32,3
14,7774,2380.01,1079.35,79.91,71.12,0
14,7769,598.71,619.27,223.97,95.86,6
14,7775,2466.27,985.89,61.87,76.47,0
15,7771,-3.56,454.36,72.10,68.70,5
15,7772,2489.77,507.73,83.71,27.31,3
15,7774,2378.70,1076.50,83.33,74.73,0
15,7769,629.86,617.72,212.65,91.02,6
15,7775,2466.36,985.58,61.74,76.31,0
15,7770,424.04,574.16,66.77,27.10,3
16,7771,-3.01,454.63,71.14,68.29,5
16,7772,2499.40,507.02,85.39,28.04,3
16,7774,2378.88,1076.37,80.86,73.46,0
16,7769,664.10,618.05,199.39,84.97,6
16,7775,2465.50,985.52,61.79,76.34,0
16,7777,1449.55,479.42,221.09,93.44,5
16,7770,423.87,574.13,67.26,27.27,3
17,7772,2509.49,507.22,85.40,28.05,3
17,7774,2378.05,1076.58,80.77,73.61,0
17,7769,690.38,612.96,200.02,85.30,6
17,7775,2465.34,986.12,61.10,75.46,0
17,7777,1452.45,476.38,223.04,94.38,5
17,7770,423.35,574.12,67.05,27.12,3
18,7772,2524.72,507.72,79.34,25.95,3
18,7774,2378.90,1072.20,83.05,75.37,0
18,7769,715.68,606.72,197.31,84.13,6
18,7775,2465.56,985.84,61.24,75.62,0
18,7777,1467.63,475.44,217.49,91.99,5
18,7770,422.43,573.83,66.95,27.00,3
18,7771,-3.15,454.47,69.99,68.24,5
19,7772,2537.98,509.84,79.57,25.85,3
19,7774,2380.81,1074.41,81.24,74.36,0
19,7775,2465.42,985.85,61.10,75.44,0
19,7777,1486.34,476.08,210.96,89.12,5
19,7770,424.27,573.29,69.19,27.91,3
19,7771,-1.64,453.77,70.50,68.71,5
20,7772,2558.87,511.85,83.50,27.08,3
20,7774,2390.70,1078.17,78.48,71.56,0
20,7775,2481.72,986.30,61.53,76.09,0
20,7777,1508.60,475.28,202.89,85.59,5
20,7770,435.18,573.07,66.45,26.67,3
20,7771,4.45,452.55,71.47,68.04,5
20,7769,779.20,599.58,192.68,82.45,6
21,7775,2484.49,986.39,61.50,76.05,0
21,7777,1529.48,475.64,207.45,87.50,5
21,7770,451.13,572.54,67.40,27.06,3
21,7771,12.51,452.81,73.33,66.53,5
21,7769,816.53,594.81,192.63,82.80,6
22,7770,471.90,572.28,65.46,26.20,3
22,7771,14.22,452.64,73.13,66.35,5
22,7769,865.46,595.56,180.89,77.43,6
23,7771,15.93,452.47,72.92,66.16,5
23,7769,911.35,594.48,174.79,74.70,6
23,7774,2450.51,1085.65,82.21,75.54,0
24,7774,2457.57,1086.36,82.53,75.84,0
24,7777,1625.49,475.50,192.57,80.33,5
24,7770,519.69,570.73,63.11,24.93,3
25,7777,1654.27,474.94,189.05,78.39,5
25,7770,543.85,569.86,63.19,24.89,3
25,7769,996.55,585.41,173.06,74.28,6
26,7777,1680.07,473.55,194.28,80.30,5
26,7770,567.28,569.38,64.06,25.28,3
26,7779,1327.76,900.86,155.25,72.65,3
26,7769,1040.26,583.53,168.91,72.59,6
27,7777,1711.64,474.48,193.78,79.38,5
27,7770,588.55,567.99,66.96,26.43,3
27,7779,1365.64,906.67,158.61,74.29,3
27,7769,1081.12,578.05,171.98,74.36,6
28,7777,1743.74,474.48,192.47,78.38,5
28,7770,611.13,566.43,67.01,26.53,3
28,7779,1417.71,914.54,158.59,74.31,3
28,7769,1121.94,574.07,171.13,74.30,6
29,7777,1775.85,475.87,192.12,77.39,5
29,7770,634.10,566.17,65.54,25.95,3
29,7779,1465.88,922.66,160.39,75.19,3
29,7769,1161.25,569.08,172.55,75.46,6
30,7777,1803.57,477.36,190.34,76.27,5
30,7770,657.12,566.47,64.65,25.74,3
30,7779,1510.17,929.80,167.04,78.43,3
30,7769,1202.32,567.34,169.30,74.50,6
30,7781,15.01,422.66,39.04,38.64,5
31,7770,678.89,565.38,66.19,26.56,3
31,7779,1556.99,937.25,169.23,79.45,3
31,7769,1246.20,569.31,157.77,69.30,6
31,7781,23.35,417.60,43.49,42.19,5
31,7786,9.90,498.95,20.76,25.76,3
32,7770,700.72,564.70,65.97,26.52,3
32,7779,1605.19,946.23,170.98,80.31,3
32,7769,1283.23,565.50,161.59,71.45,6
32,7781,46.37,415.42,46.34,43.80,5
32,7786,26.15,497.37,21.23,25.55,3
33,7779,1656.67,956.18,168.74,79.11,3
33,7769,1324.05,563.67,160.09,71.27,6
33,7781,57.72,413.12,48.07,45.43,5
33,7786,48.28,495.09,21.29,24.52,3
34,7779,1703.65,965.06,172.70,81.00,3
34,7769,1361.93,562.87,154.78,69.14,6
34,7781,99.80,415.08,48.42,44.01,5
34,7786,68.91,493.98,21.51,23.52,3
34,7770,744.69,564.10,64.05,26.01,3
35,7779,1742.28,972.83,174.85,82.18,3
35,7769,1393.01,565.35,142.51,62.76,6
35,7781,125.71,415.65,48.24,43.29,5
35,7786,74.72,492.95,22.49,23.18,3
35,7798,226.45,435.78,33.39,14.96,3
35,7799,106.07,534.93,59.56,33.93,3
35,7800,194.61,542.45,54.10,28.04,3
35,7770,755.61,563.51,64.89,26.43,3
36,7769,1407.89,557.37,152.22,67.58,6
36,7781,145.51,414.66,48.96,43.93,5
36,7786,72.51,491.76,24.11,23.45,3
36,7798,227.74,435.71,33.06,14.80,3
36,7799,113.82,537.14,61.26,34.88,3
36,7800,201.16,541.68,57.40,29.74,3
36,7770,760.05,563.81,64.04,26.09,3
36,7801,1370.64,808.58,122.56,54.91,3
37,7786,82.75,490.55,23.72,23.07,3
37,7798,227.50,435.66,33.22,14.88,3
37,7799,123.24,538.97,61.51,35.03,3
37,7800,210.13,542.71,58.97,30.60,3
37,7770,776.16,563.40,63.83,26.00,3
37,7801,1390.77,813.02,124.53,55.76,3
37,7771,56.67,489.93,31.22,24.35,5
37,7779,1806.74,987.98,180.19,85.42,3
38,7798,227.22,435.68,33.03,14.78,3
38,7799,131.92,541.99,59.08,33.62,3
38,7800,217.63,545.82,57.64,29.89,3
38,7770,760.77,563.75,63.05,25.73,3
38,7801,1417.24,819.03,129.08,57.73,3
38,7771,49.01,489.47,33.29,23.40,5
38,7779,1834.62,994.25,187.15,89.22,3
38,7769,1442.67,551.93,150.58,67.52,6
38,7781,132.49,415.97,50.43,43.49,5
39,7798,226.71,435.84,33.23,14.87,3
39,7799,138.27,543.56,60.39,34.38,3
39,7800,226.94,547.93,56.94,29.59,3
39,7770,759.28,563.76,62.47,25.56,3
39,7801,1441.61,824.77,131.26,58.64,3
39,7771,43.01,488.71,34.33,22.35,5
39,7779,1868.04,1003.85,184.92,88.30,3
39,7769,1457.04,549.31,150.69,67.86,6
39,7781,130.16,415.42,52.01,44.12,5
40,7798,226.12,435.76,33.24,14.88,3
40,7799,145.78,545.33,61.46,35.00,3
40,7800,234.54,550.81,56.31,29.24,3
40,7770,759.00,563.85,62.11,25.44,3
40,7801,1468.18,831.27,133.57,59.59,3
40,7771,36.94,487.50,35.90,22.23,5
40,7779,1899.99,1012.08,188.03,89.98,3
40,7769,1472.87,547.70,148.97,67.61,6
40,7781,134.41,417.17,49.62,41.52,5
40,7802,2.29,496.71,22.52,39.84,3
41,7798,225.77,436.06,33.38,14.94,3
41,7799,153.62,547.68,62.25,35.33,3
41,7800,243.53,553.13,56.68,29.47,3
41,7770,758.52,563.89,60.90,24.98,3
41,7801,1492.72,836.64,139.03,62.02,3
41,7771,28.96,486.16,37.81,22.48,5
41,7779,1931.64,1020.12,191.48,92.04,3
41,7769,1488.50,544.21,148.71,67.95,6
41,7781,117.80,415.98,53.43,42.02,5
41,7802,4.20,497.57,23.40,41.05,3
42,7798,225.19,436.06,33.14,14.84,3
42,7799,160.92,549.72,61.83,35.08,3
42,7800,250.40,554.71,58.09,30.25,3
42,7770,756.83,563.90,61.13,25.16,3
42,7801,1519.57,843.16,139.88,62.26,3
42,7771,22.87,485.13,39.61,22.82,5
42,7779,1963.05,1027.41,196.99,95.24,3
42,7769,1504.37,541.04,145.81,66.89,6
42,7781,110.34,415.34,56.90,42.41,5
42,7802,6.85,499.15,23.92,41.21,3
42,7803,328.45,456.79,27.90,37.74,0
43,7798,223.34,436.29,33.41,15.01,3
43,7799,168.34,551.74,61.80,35.04,3
43,7800,259.00,556.41,58.25,30.33,3
43,7770,756.00,563.76,59.81,24.54,3
43,7801,1547.55,849.64,142.15,63.07,3
43,7771,15.90,483.50,41.97,23.71,5
43,7779,1999.77,1038.00,195.58,94.54,3
43,7769,1520.31,542.30,138.77,63.93,6
43,7781,105.97,415.19,60.60,43.14,5
43,7802,10.42,500.76,25.35,42.19,3
43,7803,327.13,457.15,28.61,38.73,0
44,7798,222.79,436.63,33.53,15.08,3
44,7799,175.65,553.55,63.31,35.98,3
44,7800,266.16,558.32,60.82,31.70,3
44,7770,754.64,564.21,59.40,24.40,3
44,7801,1574.91,855.55,144.73,64.14,3
44,7771,8.30,481.99,45.04,25.28,5
44,7779,2034.98,1046.93,197.54,95.61,3
44,7769,1534.74,539.11,137.74,63.90,6
44,7781,118.15,418.46,57.48,41.25,5
44,7802,12.93,502.63,27.00,42.88,3
44,7803,326.21,458.99,28.85,39.16,0
45,7798,221.99,437.01,34.01,15.35,3
45,7799,183.18,556.51,63.94,36.33,3
45,7800,272.35,560.64,63.02,32.90,3
45,7770,752.90,564.91,61.19,25.27,3
45,7801,1601.07,862.05,148.93,66.02,3
45,7771,2.28,481.20,45.21,25.38,5
45,7779,2070.53,1056.67,201.06,97.36,3
45,7769,1547.83,537.14,136.03,63.43,6
45,7781,107.40,416.97,62.79,43.36,5
45,7802,16.01,504.69,28.75,42.79,3
45,7803,325.98,457.13,28.84,39.23,0
46,7798,221.94,437.27,33.86,15.30,3
46,7800,280.90,565.08,60.06,31.17,3
46,7770,752.13,565.01,60.98,25.22,3
46,7801,1629.29,869.05,151.65,67.11,3
46,7771,-1.20,480.43,43.98,24.96,5
46,7779,2105.14,1065.08,209.81,101.81,3
46,7769,1564.93,535.97,134.28,62.74,6
46,7781,113.46,418.61,62.28,42.91,5
46,7802,19.23,507.07,31.40,43.56,3
46,7803,325.38,457.14,29.09,39.57,0
47,7798,221.35,437.59,34.11,15.39,3
47,7800,290.57,566.26,60.17,31.33,3
47,7770,752.54,565.32,59.14,24.37,3
47,7801,1656.03,875.08,158.10,70.08,3
47,7771,-3.49,479.81,42.48,24.67,5
47,7779,2146.85,1075.65,206.42,99.97,3
47,7769,1578.19,534.13,134.17,62.93,6
47,7781,104.87,417.53,64.96,43.23,5
47,7802,22.96,509.24,33.71,43.80,3
47,7803,325.95,456.00,28.53,38.91,0
47,7799,197.13,561.00,65.27,37.15,3
48,7800,298.40,568.74,60.24,31.36,3
48,7770,750.37,565.34,61.05,25.19,3
48,7801,1685.22,882.71,158.96,70.39,3
48,7771,-7.59,478.96,41.37,25.05,5
48,7779,2185.65,1086.71,209.38,101.31,3
48,7769,1598.00,531.86,133.37,62.56,6
48,7781,100.36,416.85,67.53,43.78,5
48,7802,28.28,512.05,35.74,43.58,3
48,7803,349.71,451.05,41.63,52.57,0
48,7799,203.81,562.86,66.21,37.82,3
49,7800,306.03,570.55,61.58,32.04,3
49,7801,1715.55,890.04,160.95,71.21,3
49,7771,-9.89,477.69,40.22,25.63,5
49,7779,2223.90,1096.50,215.64,104.23,3
49,7769,1606.90,532.05,131.40,62.28,6
49,7781,98.34,417.33,68.21,43.13,5
49,7802,33.66,514.53,37.67,43.54,3
49,7803,353.81,450.00,43.64,55.10,0
49,7799,211.84,565.40,65.93,37.67,3
49,7798,219.48,438.28,34.18,15.53,3
50,7801,1748.13,898.02,162.45,71.82,3
50,7779,2266.01,1107.40,216.70,104.79,3
50,7769,1620.61,529.47,128.06,60.87,6
50,7781,110.11,420.84,64.56,41.32,5
50,7802,39.66,516.28,40.16,44.08,3
50,7803,357.90,448.95,45.64,57.63,0
50,7799,220.72,568.13,65.61,37.35,3
50,7805,538.57,571.45,60.48,35.98,3
50,7798,218.98,438.24,34.88,15.98,3
50,7770,747.64,565.98,61.97,25.61,3
51,7779,2308.31,1117.27,221.16,106.84,3
51,7769,1634.04,527.88,126.59,60.51,6
51,7781,114.40,422.67,61.99,40.22,5
51,7802,46.06,517.96,43.00,45.11,3
51,7803,361.99,447.90,47.65,60.17,0
51,7799,228.64,570.33,65.19,37.13,3
51,7805,528.82,568.03,62.39,37.07,3
51,7798,218.49,437.95,35.49,16.36,3
51,7770,746.90,566.00,61.75,25.55,3
51,7800,324.27,576.70,60.75,31.71,3
52,7779,2349.87,1127.32,227.95,109.93,3
52,7781,114.90,422.67,61.20,40.13,5
52,7802,51.15,519.20,45.85,46.04,3
52,7803,366.08,446.84,49.65,62.70,0
52,7799,235.41,573.10,65.55,37.30,3
52,7805,518.19,566.36,62.40,36.97,3
52,7798,217.36,437.90,35.42,16.33,3
52,7770,746.47,565.95,61.66,25.52,3
52,7800,334.17,578.77,59.91,31.15,3
52,7801,1816.11,912.78,163.53,72.09,3
53,7781,99.10,419.87,66.23,42.08,5
53,7802,57.71,521.44,46.83,45.03,3
53,7803,370.17,445.79,51.66,65.23,0
53,7799,243.50,574.87,65.89,37.73,3
53,7805,505.29,564.40,59.07,34.89,3
53,7798,218.01,438.70,34.25,15.79,3
53,7770,746.39,565.90,59.61,24.60,3
53,7800,343.81,581.88,56.46,29.05,3
53,7801,1850.14,920.95,166.11,73.08,3
54,7803,374.26,444.74,53.66,67.76,0
54,7799,252.25,577.22,65.89,37.80,3
54,7805,494.30,562.78,55.02,32.29,3
54,7798,217.49,438.89,34.31,15.82,3
54,7770,746.93,566.09,58.99,24.30,3
54,7800,352.52,586.76,53.71,26.97,3
54,7801,1884.52,928.52,168.98,74.31,3
54,7779,2440.90,1149.41,235.16,113.02,3
55,7805,480.36,560.80,55.26,32.39,3
55,7798,216.98,439.09,34.37,15.84,3
55,7770,745.81,566.31,60.42,24.91,3
55,7800,361.75,585.97,58.25,29.41,3
55,7801,1919.82,936.19,173.56,76.32,3
55,7779,2482.95,1161.13,236.58,114.15,3
55,7769,1688.22,521.96,121.14,58.88,6
55,7781,91.44,418.31,71.58,43.46,5
55,7802,69.09,525.41,51.82,46.55,3
56,7805,468.15,558.75,57.02,33.54,3
56,7798,217.13,439.48,32.89,15.05,3
56,7770,745.53,566.47,60.61,25.00,3
56,7800,367.66,586.82,59.94,30.73,3
56,7801,1955.81,944.35,175.98,77.22,3
56,7779,2512.97,1172.96,239.28,118.12,3
56,7769,1701.73,522.42,115.96,56.25,6
56,7781,88.48,418.23,73.33,43.72,5
56,7802,76.01,527.59,54.02,47.36,3
56,7799,267.90,580.68,64.56,37.05,3
57,7805,455.78,557.47,59.31,34.92,3
57,7798,216.48,439.50,33.61,15.30,3
57,7770,744.42,566.33,61.70,25.44,3
57,7800,376.69,590.05,61.63,31.63,3
57,7801,1991.45,952.61,180.13,79.05,3
57,7779,2523.35,1186.04,270.48,141.05,3
57,7769,1712.87,520.86,116.45,56.67,6
57,7781,97.49,419.59,70.91,42.89,5
57,7802,80.69,529.78,55.89,47.77,3
57,7799,276.57,583.08,62.65,35.87,3
58,7805,442.99,554.77,60.84,35.95,3
58,7798,215.51,439.39,33.49,15.17,3
58,7770,743.77,566.57,61.02,25.05,3
58,7800,383.97,593.32,62.45,31.86,3
58,7801,2028.29,961.20,182.14,80.04,3
58,7779,2554.23,1197.82,257.14,142.92,3
58,7769,1724.62,518.17,117.63,57.46,6
58,7781,89.54,417.72,73.91,43.72,5
58,7802,86.93,532.17,56.95,47.64,3
58,7799,282.42,584.03,65.25,37.33,3
59,7805,431.68,553.19,62.90,37.13,3
59,7770,742.66,567.04,62.12,25.43,3
59,7800,392.63,593.63,66.75,34.28,3
59,7801,2064.56,970.03,185.47,81.52,3
59,7779,2589.73,1208.73,261.86,145.54,3
59,7769,1738.51,518.09,113.58,55.60,6
59,7781,96.79,419.34,72.16,43.26,5
59,7802,93.22,534.08,59.13,48.49,3
59,7799,290.44,586.49,67.07,38.43,3
59,7786,313.12,459.16,37.94,39.10,3
60,7800,403.27,595.67,67.91,35.27,3
60,7801,2102.68,978.03,189.80,83.54,3
60,7779,2625.23,1219.64,266.58,148.17,3
60,7769,1750.39,516.43,114.92,56.66,6
60,7781,99.48,419.83,71.14,43.17,5
60,7802,98.70,535.62,61.28,49.21,3
60,7799,297.04,588.37,68.40,39.12,3
60,7786,323.54,457.72,38.65,39.83,3
61,7779,2660.73,1230.55,271.31,150.79,3
61,7769,1764.33,514.83,114.49,56.45,6
61,7781,90.41,418.81,73.09,43.36,5
61,7802,106.63,537.41,62.48,49.32,3
61,7799,304.66,590.40,68.10,38.85,3
61,7786,319.01,459.33,35.91,38.80,3
61,7805,411.82,548.97,61.97,36.43,3
61,7770,741.18,567.24,62.56,25.44,3
62,7769,1774.75,512.92,107.43,52.86,6
62,7802,112.28,538.72,63.50,49.21,3
62,7799,312.05,592.01,69.20,39.41,3
62,7786,328.57,458.06,36.49,39.43,3
62,7805,400.37,546.77,62.77,36.78,3
62,7770,741.09,566.83,61.74,25.03,3
62,7798,213.45,438.69,32.63,14.67,3
62,7801,2182.91,995.57,194.74,85.81,3
63,7802,118.71,539.30,64.46,49.35,3
63,7799,318.23,592.13,71.87,40.85,3
63,7786,338.13,456.80,37.07,40.05,3
63,7805,389.71,543.93,61.96,36.13,3
63,7770,742.68,565.63,59.70,24.22,3
63,7798,212.50,437.53,33.14,14.92,3
63,7801,2225.32,1003.88,196.49,86.49,3
64,7799,326.47,592.05,72.73,41.46,3
64,7786,347.70,455.53,37.65,40.68,3
64,7805,380.11,540.68,60.87,35.55,3
64,7770,739.89,563.53,63.80,26.08,3
64,7798,210.73,435.95,33.90,15.22,3
64,7801,2268.84,1011.77,198.93,87.35,3
64,7781,102.33,418.33,67.05,40.18,5
65,7786,357.26,454.26,38.23,41.31,3
65,7805,368.16,537.56,60.88,35.38,3
65,7770,739.66,563.10,62.76,25.74,3
65,7798,209.24,435.18,33.88,15.21,3
65,7801,2314.35,1021.38,200.42,87.75,3
65,7781,90.35,415.71,69.99,40.66,5
65,7802,130.43,540.37,68.13,51.01,3
66,7805,356.63,533.97,61.90,35.86,3
66,7770,740.68,562.47,60.13,24.61,3
66,7798,209.16,434.42,33.91,15.22,3
66,7801,2358.53,1031.85,205.89,90.31,3
66,7781,92.13,415.33,70.61,41.45,5
66,7802,138.54,542.04,68.27,50.81,3
66,7769,1818.99,504.68,108.61,54.17,6
66,7799,342.92,594.23,70.51,40.36,3
67,7805,346.08,532.70,61.52,35.58,3
67,7770,739.16,562.36,61.34,25.07,3
67,7798,208.35,434.10,33.87,15.17,3
67,7801,2403.56,1042.00,215.00,94.53,3
67,7781,86.70,413.28,72.51,41.84,5
67,7802,144.12,544.21,69.66,51.56,3
67,7769,1829.41,503.75,108.68,54.75,6
67,7799,351.04,595.94,70.20,40.26,3
68,7805,334.12,531.76,60.11,34.84,3
68,7770,737.95,562.47,62.14,25.44,3
68,7798,207.07,434.25,33.99,15.20,3
68,7801,2454.51,1055.09,214.22,93.96,3
68,7781,92.47,414.96,70.72,41.65,5
68,7802,149.63,546.87,69.85,51.38,3
68,7769,1841.44,504.61,103.48,52.31,6
68,7799,356.45,597.70,70.37,40.06,3
69,7805,326.25,532.21,57.41,32.96,3
69,7770,736.90,562.67,61.72,25.29,3
69,7798,206.14,434.37,33.32,14.83,3
69,7801,2500.28,1067.36,219.62,96.84,3
69,7781,84.15,413.86,72.67,42.00,5
69,7802,155.74,549.53,69.18,50.65,3
69,7769,1852.45,505.88,98.64,49.93,6
69,7799,363.26,599.97,67.57,38.25,3
70,7805,315.08,529.87,59.00,33.69,3
70,7770,736.08,563.17,61.68,25.39,3
70,7798,203.91,434.70,34.03,15.15,3
70,7801,2531.17,1080.39,225.62,102.76,3
70,7781,79.15,414.26,74.13,42.05,5
70,7802,159.84,552.06,70.74,51.51,3
70,7769,1865.11,508.01,94.59,47.89,6
70,7799,369.17,603.00,63.43,36.35,3
71,7770,734.92,563.27,62.95,25.94,3
71,7798,202.90,435.01,34.97,15.59,3
71,7801,2547.54,1093.74,251.33,121.78,3
71,7781,79.09,415.56,74.21,41.64,5
71,7802,165.27,553.98,71.99,52.16,3
71,7769,1877.12,507.25,93.18,47.17,6
71,7799,377.72,605.12,53.38,30.95,3
72,7798,201.78,435.01,35.76,16.02,3
72,7781,74.30,415.35,77.46,42.93,5
72,7802,171.29,557.20,73.98,53.42,3
72,7769,1881.37,507.16,92.55,46.96,6
72,7799,385.12,607.02,51.57,29.90,3
72,7805,292.06,526.43,59.72,34.25,3
73,7798,201.63,434.80,35.66,16.07,3
73,7769,1892.41,506.48,91.25,46.30,6
73,7799,392.52,608.92,49.76,28.85,3
73,7805,281.23,525.25,59.57,34.20,3
73,7770,732.32,565.57,60.53,24.79,3
74,7799,399.91,610.82,47.94,27.80,3
74,7805,270.33,524.79,58.05,33.37,3
74,7770,731.02,566.32,59.46,24.27,3
74,7802,180.38,562.20,75.73,54.50,3
75,7805,260.14,523.97,57.35,32.94,3
75,7770,729.46,567.00,58.77,23.88,3
75,7809,1450.92,453.85,47.00,16.74,3
75,7802,184.94,565.42,74.69,53.57,3
75,7798,199.13,435.86,35.11,15.90,3
76,7805,248.83,522.50,57.06,32.74,3
76,7770,728.24,567.12,58.71,23.66,3
76,7809,1442.42,453.70,49.12,17.45,3
76,7802,189.13,567.96,75.77,54.18,3
76,7798,197.01,435.94,34.88,15.83,3
77,7805,237.16,521.07,57.54,33.03,3
77,7770,726.15,568.27,58.82,23.51,3
77,7809,1435.69,454.03,50.82,18.01,3
77,7802,194.31,570.78,75.98,54.03,3
77,7798,196.02,436.19,33.73,15.30,3
77,7810,1817.72,456.54,107.45,65.56,5
77,7781,61.46,415.79,80.57,43.48,5
78,7805,225.56,518.82,56.69,32.59,3
78,7770,723.84,568.20,60.59,24.24,3
78,7809,1431.58,454.17,52.97,18.73,3
78,7802,198.44,572.89,77.61,54.98,3
78,7798,193.94,436.26,32.87,14.89,3
78,7810,1817.52,458.41,104.02,63.36,5
78,7811,298.14,446.12,109.77,63.43,5
78,7781,55.81,415.08,84.17,44.42,5
79,7805,213.96,516.67,58.46,33.68,3
79,7770,722.23,568.98,61.47,24.67,3
79,7809,1427.58,454.49,55.38,19.59,3
79,7802,203.08,575.47,78.81,55.77,3
79,7798,191.08,436.24,33.93,15.35,3
79,7810,1812.26,459.26,103.87,63.19,5
79,7811,298.24,447.37,105.25,60.81,5
79,7781,52.28,415.02,87.09,45.28,5
79,7769,1961.14,501.80,77.92,38.39,6
80,7805,201.34,516.04,57.08,33.00,3
80,7770,719.22,568.57,63.62,25.70,3
80,7809,1422.30,454.71,55.71,19.75,3
80,7802,207.11,578.69,79.59,56.33,3
80,7798,187.71,435.87,35.12,15.89,3
80,7810,1806.60,459.55,106.35,64.52,5
80,7811,295.83,447.98,104.19,60.20,5
80,7781,46.98,414.49,89.56,46.15,5
80,7769,1970.65,501.51,78.89,38.04,6
81,7770,713.60,570.21,64.01,25.81,3
81,7809,1413.60,455.33,55.35,19.71,3
81,7802,207.97,582.27,79.80,56.41,3
81,7798,182.75,436.71,34.37,15.59,3
81,7810,1799.14,460.79,104.87,63.37,5
81,7811,294.88,448.57,102.50,59.23,5
81,7781,44.64,415.28,85.31,43.61,5
81,7769,1975.27,502.29,81.35,38.94,6
82,7770,705.89,570.12,65.11,26.32,3
82,7809,1400.19,454.82,54.85,19.52,3
82,7802,206.32,586.47,81.22,57.46,3
82,7798,173.46,436.41,35.30,16.06,3
82,7810,1789.84,461.49,105.40,63.31,5
82,7811,279.09,449.05,102.72,59.14,5
82,7781,31.26,415.05,89.12,44.93,5
82,7769,1981.18,503.74,79.23,37.50,6
82,7805,169.59,515.69,55.72,32.08,3
83,7770,692.19,571.27,66.21,26.92,3
83,7809,1379.44,454.51,56.15,19.97,3
83,7802,197.10,590.15,83.36,58.87,3
83,7798,158.37,436.82,35.41,16.13,3
83,7810,1773.18,462.52,106.22,63.52,5
83,7811,262.93,449.03,105.40,60.65,5
83,7781,13.01,414.75,92.51,46.32,5
83,7769,1978.79,504.30,78.81,36.91,6
83,7805,144.92,515.38,55.09,31.75,3
84,7809,1360.63,455.36,53.55,19.00,3
84,7798,154.30,436.90,35.52,16.18,3
84,7810,1751.28,463.13,106.79,63.50,5
84,7811,237.64,450.00,111.33,64.01,5
84,7781,-1.45,416.89,90.84,46.28,5
84,7769,1986.83,504.08,77.66,36.37,6
84,7805,112.69,515.71,55.27,31.84,3
85,7810,1725.76,465.92,110.42,65.12,5
85,7811,211.08,454.74,110.68,63.49,5
85,7781,-14.27,423.84,83.06,44.44,5
85,7769,1994.87,503.87,76.50,35.83,6
85,7805,75.34,517.87,56.61,32.58,3
85,7770,648.35,578.34,66.35,26.95,3
85,7802,160.85,603.11,85.54,60.14,3
86,7810,1704.16,469.88,110.78,64.44,5
86,7805,36.85,521.75,56.41,32.53,3
86,7770,623.45,583.40,68.94,28.09,3
86,7802,140.21,611.86,88.40,61.95,3
86,7809,1313.68,465.12,50.97,17.99,3
87,7810,1676.86,471.25,114.45,65.77,5
87,7805,3.14,524.36,53.21,31.17,3
87,7770,597.53,586.15,72.31,29.63,3
87,7802,122.27,620.17,86.13,60.23,3
87,7809,1290.85,466.22,52.77,18.51,3
88,7805,-19.02,524.51,53.02,31.06,3
88,7770,575.81,588.99,71.10,29.06,3
88,7802,105.39,626.63,87.83,60.88,3
88,7809,1271.45,467.40,53.11,18.69,3
89,7770,558.72,590.81,73.57,30.18,3
89,7802,97.12,632.03,87.58,60.30,3
89,7809,1256.03,468.33,50.65,17.99,3
89,7810,1636.27,474.63,122.06,68.44,5
90,7770,551.38,591.93,72.36,29.43,3
90,7802,98.12,635.73,86.42,58.59,3
90,7809,1244.76,469.08,47.55,16.95,3
90,7810,1625.16,476.40,121.10,67.70,5
91,7770,549.03,592.52,71.00,28.80,3
91,7802,101.92,639.69,87.28,58.94,3
91,7809,1236.77,468.83,48.03,17.05,3
91,7810,1618.07,476.25,122.74,68.36,5
92,7770,547.85,592.88,72.85,29.57,3
92,7802,111.08,642.53,84.23,56.33,3
92,7809,1231.74,467.76,50.39,17.80,3
92,7810,1614.61,475.74,124.54,68.47,5
93,7770,547.66,592.95,71.30,28.95,3
93,7802,117.71,644.79,85.53,56.97,3
93,7809,1225.33,467.80,52.69,18.52,3
93,7810,1609.25,476.55,125.06,68.31,5
94,7802,116.18,649.00,85.23,56.77,3
94,7809,1219.54,467.81,54.36,18.95,3
94,7810,1603.78,476.95,128.24,68.93,5
95,7809,1213.55,468.07,54.58,19.11,3
95,7810,1597.15,476.65,131.65,69.85,5
95,7770,545.63,593.55,75.37,30.83,3
96,7809,1206.89,467.88,54.01,18.91,3
96,7810,1586.30,476.66,132.17,70.24,5
96,7770,544.59,593.04,74.62,30.53,3
97,7809,1201.20,467.99,54.22,19.02,3
97,7810,1581.23,478.02,132.65,70.07,5
97,7770,547.12,593.07,70.95,28.89,3
97,7811,75.49,476.23,70.37,44.43,5
98,7809,1194.97,467.27,53.07,18.72,3
98,7770,547.94,592.68,70.04,28.45,3
98,7811,63.62,477.94,68.31,43.13,5
99,7809,1191.02,467.03,51.84,18.40,3
99,7770,547.14,593.28,70.75,28.83,3
99,7811,73.67,476.58,63.51,43.73,5
99,7810,1569.28,478.61,134.30,70.36,5
100,7809,1185.21,466.87,54.05,19.26,3
100,7770,546.34,593.44,69.33,28.18,3
100,7811,74.28,476.41,59.70,44.11,5
100,7810,1566.73,478.72,137.78,70.84,5
101,7809,1175.61,466.34,57.91,20.50,3
101,7770,547.86,593.44,66.87,27.12,3
101,7811,76.82,476.80,54.80,42.92,5
101,7810,1552.52,479.61,138.77,71.83,5
102,7770,547.23,594.10,66.57,27.03,3
102,7811,70.06,477.75,53.68,42.04,5
102,7810,1542.40,479.97,139.82,72.91,5
103,7770,545.54,593.82,68.19,27.74,3
103,7811,76.35,475.72,52.37,43.31,5
103,7810,1535.82,480.50,139.30,73.10,5
103,7809,1169.98,467.46,53.28,18.74,3
104,7770,539.43,594.58,74.14,30.17,3
104,7811,77.78,476.69,49.85,43.39,5
104,7810,1529.79,481.57,141.36,74.50,5
104,7809,1168.33,467.15,52.14,18.49,3
105,7770,536.91,595.23,75.96,30.95,3
105,7811,77.29,475.66,49.50,45.13,5
105,7810,1522.84,482.63,140.47,73.91,5
105,7809,1159.44,467.35,51.34,18.18,3
106,7770,535.49,595.26,75.15,30.53,3
106,7811,78.11,474.67,47.10,44.60,5
106,7810,1516.26,483.16,140.51,73.81,5
106,7809,1154.28,467.85,51.38,18.11,3
107,7770,533.57,595.83,76.75,31.21,3
107,7811,77.62,474.83,44.79,43.97,5
107,7810,1509.63,482.93,141.42,74.28,5
107,7809,1155.25,469.28,48.86,17.34,3
108,7770,534.33,595.89,75.93,30.88,3
108,7811,77.43,474.71,43.23,43.88,5
108,7810,1502.60,483.62,142.61,75.09,5
108,7809,1151.26,469.54,48.83,17.41,3
109,7811,76.74,474.52,42.21,44.21,5
109,7810,1495.47,483.75,144.42,75.82,5
109,7809,1145.63,469.91,48.32,17.23,3
110,7810,1486.74,483.81,146.14,76.72,5
110,7809,1140.00,470.29,47.81,17.05,3
110,7770,533.18,595.66,76.85,31.37,3
111,7809,1134.36,470.66,47.29,16.87,3
111,7770,533.98,595.80,75.64,30.92,3
111,7811,75.17,473.38,42.04,46.50,5
112,7770,533.70,595.53,77.39,31.77,3
112,7811,75.32,473.47,40.07,45.24,5
112,7810,1473.16,486.95,142.23,74.86,5
113,7770,530.89,595.66,79.47,32.81,3
113,7811,74.92,474.12,39.55,45.59,5
113,7810,1465.65,488.72,142.20,74.90,5
114,7770,530.18,595.80,79.97,33.26,3
114,7811,74.75,473.86,39.13,45.92,5
114,7810,1456.43,489.02,144.35,75.99,5
115,7770,530.36,595.35,78.28,32.70,3
115,7811,74.82,473.77,38.44,45.67,5
115,7810,1449.72,488.61,145.66,76.51,5
116,7770,530.50,595.45,76.58,32.08,3
116,7811,74.00,475.56,36.91,44.41,5
116,7810,1441.25,489.40,145.51,76.30,5
117,7770,528.42,595.17,77.18,32.45,3
117,7811,74.59,477.30,34.31,41.62,5
117,7810,1432.81,490.37,146.60,76.92,5
118,7770,524.75,594.55,79.51,33.53,3
118,7811,72.35,474.55,33.01,40.05,5
118,7810,1420.95,490.41,149.07,78.22,5
119,7770,516.83,595.59,78.48,33.21,3
119,7811,84.90,467.76,52.95,57.31,5
119,7810,1408.94,492.19,147.84,77.40,5
120,7811,85.41,466.91,54.51,59.00,5
120,7810,1386.40,492.66,149.43,78.13,5
121,7810,1357.96,493.40,151.86,79.34,5
121,7770,481.82,597.88,77.46,33.14,3
122,7810,1333.77,494.52,152.04,79.33,5
122,7770,460.55,598.76,74.74,31.79,3
123,7810,1312.42,494.25,153.42,80.01,5
123,7770,447.58,599.51,74.44,31.64,3
124,7810,1298.66,494.81,154.71,80.60,5
124,7770,439.28,599.33,76.47,32.54,3
124,7817,-0.43,464.44,100.69,71.19,5
125,7810,1287.68,496.01,155.46,80.88,5
125,7770,434.07,599.43,77.97,33.21,3
125,7817,-1.05,464.76,99.75,70.56,5
125,7820,1230.24,906.84,149.96,64.22,3
126,7810,1276.55,496.60,157.82,81.82,5
126,7770,434.60,599.64,76.36,32.78,3
126,7817,-2.46,464.87,100.55,71.25,5
126,7820,1255.83,912.94,153.75,65.98,3
127,7810,1268.38,498.22,159.14,82.17,5
127,7770,433.25,600.00,76.21,32.79,3
127,7817,-4.75,463.78,103.31,73.42,5
127,7820,1285.65,921.22,159.05,68.45,3
128,7810,1256.59,500.05,161.06,83.08,5
128,7770,431.99,600.68,78.03,33.84,3
128,7817,-5.19,465.06,103.39,73.76,5
128,7820,1315.70,929.89,162.07,69.97,3
129,7810,1248.33,502.05,161.37,83.24,5
129,7770,429.63,601.98,80.63,35.27,3
129,7817,-4.50,467.13,100.70,72.13,5
129,7820,1346.75,938.94,164.94,71.45,3
130,7810,1237.78,501.93,164.56,84.77,5
130,7770,430.95,601.99,78.68,34.69,3
130,7817,-3.13,467.96,98.54,70.81,5
130,7820,1377.71,946.82,167.56,72.85,3
131,7810,1227.69,502.52,165.97,85.26,5
131,7770,429.69,602.57,79.96,35.57,3
131,7817,-2.90,468.27,97.98,70.69,5
131,7820,1410.91,953.89,169.13,73.81,3
132,7810,1218.36,503.62,167.27,85.82,5
132,7770,429.05,602.51,79.77,35.73,3
132,7817,-2.53,469.00,96.63,69.98,5
132,7820,1445.90,961.93,168.77,73.80,3
133,7810,1206.68,503.58,169.47,87.05,5
133,7770,430.01,602.12,77.93,35.09,3
133,7817,-3.05,468.23,96.66,70.36,5
133,7820,1480.75,968.20,173.28,76.13,3
134,7810,1198.20,503.93,171.30,87.64,5
134,7770,430.49,601.59,76.79,34.70,3
134,7817,-3.66,467.64,96.08,70.37,5
134,7820,1515.42,976.05,174.70,77.04,3
135,7810,1188.94,504.45,172.34,87.89,5
135,7770,430.66,601.42,77.00,34.95,3
135,7817,-4.14,467.17,95.63,70.52,5
135,7820,1548.12,983.48,177.89,78.71,3
136,7810,1177.46,504.25,174.61,88.39,5
136,7770,429.63,601.22,77.39,35.25,3
136,7817,-4.10,467.18,94.97,70.47,5
136,7820,1585.58,992.09,178.95,79.31,3
137,7810,1164.11,504.90,176.41,89.10,5
137,7770,428.47,601.96,75.54,34.40,3
137,7817,-5.21,467.06,94.91,71.14,5
137,7820,1622.59,1001.97,177.40,78.81,3
137,7821,2.19,651.43,29.28,45.94,3
138,7810,1150.48,505.60,176.52,88.68,5
138,7770,424.43,601.69,74.78,34.05,3
138,7817,-8.34,466.83,94.52,72.25,5
138,7820,1655.76,1009.02,180.22,80.26,3
138,7821,3.95,653.96,32.03,50.04,3
139,7810,1132.74,505.53,180.62,90.65,5
139,7770,416.65,601.46,76.30,34.75,3
139,7817,-11.38,468.82,91.84,72.13,5
139,7820,1689.84,1016.49,184.06,82.38,3
139,7821,4.30,656.86,32.62,50.71,3
140,7810,1115.28,505.73,183.48,91.59,5
140,7817,-13.37,469.18,88.61,71.98,5
140,7820,1723.59,1025.11,184.84,82.66,3
140,7821,4.95,658.54,33.51,52.08,3
141,7810,1096.91,506.30,186.72,93.08,5
141,7820,1755.23,1032.26,189.72,85.23,3
141,7821,5.60,660.22,34.39,53.45,3
141,7770,400.93,601.10,77.98,35.72,3
142,7810,1082.97,507.88,188.37,93.93,5
142,7820,1790.39,1040.60,192.75,86.85,3
142,7821,8.65,667.13,31.81,48.01,3
142,7770,394.97,601.59,76.88,35.35,3
143,7810,1067.51,508.81,190.21,94.65,5
143,7820,1824.60,1047.97,196.96,89.28,3
143,7821,6.52,673.37,33.14,49.17,3
143,7770,387.82,601.70,75.72,34.76,3
144,7810,1051.62,510.05,189.12,94.11,5
144,7820,1862.31,1056.27,198.05,89.57,3
144,7821,6.26,676.86,27.56,39.80,3
144,7770,379.67,602.09,74.22,33.91,3
145,7820,1899.54,1064.41,201.14,91.54,3
145,7821,6.83,680.12,26.75,38.62,3
145,7770,372.13,601.75,74.83,34.01,3
146,7821,7.40,683.37,25.93,37.44,3
146,7770,366.02,601.35,76.12,34.73,3
146,7810,1016.78,511.12,191.03,94.55,5
147,7770,362.27,601.20,78.32,35.89,3
147,7810,1001.06,511.02,196.13,96.87,5
147,7820,1986.19,1083.87,200.01,91.54,3
148,7770,360.87,600.93,78.67,36.19,3
148,7810,989.73,512.33,196.14,96.82,5
148,7822,2610.90,1000.31,92.57,74.24,6
148,7820,2032.16,1094.63,202.79,93.06,3
149,7770,359.52,601.26,79.14,36.43,3
149,7810,977.19,513.03,198.48,97.76,5
149,7822,2596.86,998.03,87.02,68.42,6
149,7820,2079.65,1104.66,205.09,94.47,3
150,7770,359.94,601.58,79.88,36.90,3
150,7810,967.15,513.76,200.54,98.91,5
150,7822,2564.01,995.20,86.69,66.09,6
150,7820,2128.86,1115.57,204.51,94.29,3
150,7823,1180.37,942.21,156.29,87.09,3
151,7770,360.27,601.70,79.30,36.73,3
151,7810,956.05,514.59,201.96,99.79,5
151,7822,2523.35,990.79,89.93,66.05,6
151,7820,2178.83,1126.21,210.52,97.29,3
151,7823,1208.43,948.46,156.74,87.31,3
152,7770,361.91,602.54,77.62,36.04,3
152,7810,944.75,516.92,202.46,99.89,5
152,7822,2483.64,986.26,90.45,63.46,6
152,7820,2225.14,1137.64,221.11,102.55,3
152,7823,1239.60,956.35,156.24,86.89,3
152,7824,939.03,925.84,177.58,102.84,4
153,7770,361.75,602.55,78.09,36.28,3
153,7810,928.88,517.06,210.09,103.65,5
153,7822,2444.64,981.54,93.98,63.09,6
153,7820,2282.17,1149.81,216.38,100.27,3
153,7823,1269.03,963.18,159.67,88.70,3
153,7824,960.99,928.55,185.78,107.78,4
154,7770,361.45,602.62,77.91,36.26,3
154,7810,917.49,518.48,212.04,104.44,5
154,7822,2402.01,977.42,96.12,61.63,6
154,7820,2336.73,1160.74,221.28,102.38,3
154,7823,1297.11,969.36,163.97,91.16,3
154,7824,990.09,933.00,195.11,113.65,4
155,7770,361.11,602.73,78.31,36.57,3
155,7810,907.06,522.03,209.46,102.90,5
155,7822,2362.91,972.21,99.48,61.06,6
155,7820,2387.32,1171.92,232.03,107.77,3
155,7823,1325.23,975.64,167.60,93.13,3
155,7824,1022.24,940.86,196.54,114.90,4
156,7770,361.05,603.25,78.57,36.86,3
156,7810,897.97,523.67,209.16,102.61,5
156,7822,2325.71,966.85,104.92,61.67,6
156,7820,2448.36,1184.25,233.75,107.77,3
156,7823,1355.77,983.12,171.22,95.20,3
156,7824,1050.32,946.63,202.64,119.05,4
157,7770,361.17,603.41,78.23,36.82,3
157,7810,886.90,526.29,208.85,102.02,5
157,7822,2289.82,961.71,108.88,61.66,6
157,7820,2492.62,1195.66,240.70,112.57,3
157,7823,1386.92,989.95,172.59,95.88,3
157,7824,1081.99,952.15,205.90,121.77,4
158,7770,360.28,603.28,80.56,37.98,3
158,7810,873.41,527.33,211.49,102.97,5
158,7822,2253.62,956.93,111.36,60.78,6
158,7820,2515.39,1209.19,269.65,132.53,3
158,7823,1417.36,996.54,178.96,99.57,3
158,7824,1115.13,959.48,209.25,124.68,4
159,7770,362.03,604.00,78.94,37.21,3
159,7810,862.53,528.01,214.19,104.01,5
159,7822,2219.06,951.77,111.39,58.66,6
159,7820,2551.52,1217.05,266.80,140.28,3
159,7823,1455.26,1004.64,176.65,98.13,3
159,7824,1147.73,966.41,212.54,127.73,4
159,7825,522.00,456.25,122.15,45.15,5
160,7810,849.06,529.23,217.62,105.48,5
160,7822,2181.79,947.20,116.04,59.59,6
160,7820,2593.54,1227.49,273.63,143.88,3
160,7823,1488.18,1013.44,179.63,99.53,3
160,7824,1183.90,974.18,212.02,128.47,4
160,7825,515.87,457.30,123.41,45.55,5
161,7822,2145.54,942.23,123.11,62.10,6
161,7820,2635.55,1237.92,280.47,147.47,3
161,7823,1523.66,1020.53,182.65,101.11,3
161,7824,1218.56,981.80,213.81,130.77,4
161,7825,508.88,457.38,127.36,46.90,5
161,7770,364.89,605.11,79.02,37.40,3
162,7820,2677.57,1248.35,287.31,151.07,3
162,7823,1557.37,1027.44,188.85,104.62,3
162,7824,1255.17,990.37,215.47,133.07,4
162,7825,505.50,456.64,126.76,46.52,5
162,7770,365.85,605.24,78.16,37.04,3
162,7810,826.37,535.21,219.46,105.96,5
163,7823,1596.27,1036.56,187.87,103.95,3
163,7824,1291.17,999.26,218.05,135.71,4
163,7825,503.35,456.91,123.05,44.96,5
163,7770,365.97,605.49,78.03,36.93,3
163,7810,809.56,534.98,225.14,108.19,5
163,7822,2079.32,932.93,124.40,59.97,6
164,7823,1634.10,1045.26,192.29,106.69,3
164,7824,1330.56,1008.63,216.42,135.80,4
164,7825,502.12,457.15,130.63,47.46,5
164,7770,366.15,605.80,78.00,36.80,3
164,7810,795.63,536.45,228.64,109.41,5
164,7822,2046.37,928.28,128.53,61.06,6
165,7823,1674.65,1054.32,194.40,107.89,3
165,7824,1369.61,1017.36,218.47,137.93,4
165,7825,497.81,459.32,132.50,47.75,5
165,7770,366.68,606.71,76.45,35.77,3
165,7810,785.03,538.30,229.22,109.25,5
165,7822,2014.60,923.44,130.23,60.98,6
166,7823,1713.87,1063.41,198.71,110.31,3
166,7824,1406.14,1025.52,223.15,141.66,4
166,7825,486.61,462.01,127.21,45.27,5
166,7770,367.11,607.21,76.17,35.44,3
166,7810,769.36,540.79,230.50,109.46,5
166,7822,1983.50,918.90,129.83,60.10,6
167,7823,1754.25,1072.89,200.73,111.57,3
167,7824,1447.53,1034.30,224.81,143.54,4
167,7825,474.48,463.47,126.53,44.42,5
167,7770,367.56,607.31,75.83,34.98,3
167,7810,757.23,542.33,231.96,110.03,5
167,7822,1952.84,913.65,128.78,58.98,6
168,7823,1795.01,1081.70,204.66,113.87,3
168,7824,1489.71,1043.37,226.28,144.91,4
168,7825,462.45,464.49,128.32,45.02,5
168,7770,366.53,607.48,76.67,35.20,3
168,7810,743.69,543.08,236.02,111.89,5
168,7822,1922.43,909.98,125.92,56.79,6
169,7823,1838.52,1089.83,209.98,116.69,3
169,7824,1531.64,1053.36,230.54,148.58,4
169,7825,454.55,463.21,129.96,45.76,5
169,7770,365.88,607.64,76.76,35.12,3
169,7810,728.34,544.07,241.76,114.94,5
169,7822,1892.07,904.31,126.67,56.46,6
170,7823,1882.46,1100.21,209.72,116.22,3
170,7824,1574.12,1062.18,233.51,151.18,4
170,7825,442.28,462.86,133.50,47.39,5
170,7770,364.67,608.00,77.28,35.36,3
170,7810,714.70,546.64,241.80,115.14,5
170,7822,1862.63,899.08,128.19,56.24,6
171,7823,1927.40,1109.42,207.94,115.01,3
171,7824,1618.89,1072.07,237.23,154.45,4
171,7825,436.70,463.88,129.49,45.83,5
171,7770,363.36,608.08,74.16,33.66,3
171,7810,699.66,549.46,242.98,115.66,5
171,7822,1831.48,894.05,126.30,54.81,6
172,7823,1972.96,1118.01,212.47,117.34,3
172,7824,1668.16,1082.65,233.80,152.38,4
172,7825,427.33,463.41,134.20,47.87,5
172,7770,361.01,609.07,75.74,34.40,3
172,7810,683.49,551.89,243.48,115.81,5
172,7822,1801.38,890.70,120.29,51.38,6
173,7823,2018.06,1125.16,219.61,121.50,3
173,7824,1714.78,1091.06,236.67,154.78,4
173,7825,422.96,462.91,135.45,48.54,5
173,7770,359.16,609.52,78.14,35.53,3
173,7810,666.82,553.56,247.35,117.31,5
173,7822,1771.21,885.74,119.79,50.46,6
174,7823,2069.04,1134.21,220.37,121.88,3
174,7824,1760.60,1099.77,245.90,161.81,4
174,7825,420.14,464.74,128.76,45.50,5
174,7770,360.53,610.66,75.92,34.41,3
174,7810,651.96,556.96,247.98,117.59,5
174,7822,1745.46,881.84,118.27,49.23,6
175,7823,2119.94,1144.14,219.25,120.71,3
175,7824,1810.80,1109.32,249.02,164.50,4
175,7825,412.15,463.92,130.08,45.70,5
175,7770,360.64,610.60,76.47,34.56,3
175,7810,635.76,558.33,251.02,118.63,5
175,7822,1719.06,876.83,117.96,48.50,6
176,7823,2170.00,1154.07,226.40,124.25,3
176,7824,1861.88,1117.82,252.63,167.69,4
176,7825,404.68,463.98,132.26,45.79,5
176,7770,361.93,610.37,75.18,33.76,3
176,7810,618.65,559.73,256.27,120.67,5
176,7822,1690.35,871.52,118.20,48.27,6
177,7823,2218.76,1162.05,236.02,129.55,3
177,7824,1908.90,1123.81,260.96,174.03,4
177,7825,399.31,463.56,131.08,44.44,5
177,7770,363.11,609.68,73.47,32.82,3
177,7810,600.83,560.41,260.09,122.43,5
177,7822,1658.85,864.17,123.46,50.25,6
178,7824,1963.06,1135.02,260.39,174.08,4
178,7825,392.97,463.79,130.61,44.28,5
178,7770,362.52,609.61,76.95,34.47,3
178,7810,583.67,561.54,265.80,125.02,5
178,7822,1631.84,860.53,120.24,48.33,6
179,7825,386.64,464.01,130.15,44.12,5
179,7770,362.73,608.65,76.88,34.39,3
179,7810,563.69,562.33,267.70,125.82,5
179,7822,1604.07,855.35,119.06,47.67,6
179,7823,2322.80,1182.41,244.01,133.99,3
180,7770,361.44,605.47,77.33,34.56,3
180,7810,545.79,560.53,272.70,127.94,5
180,7822,1578.32,848.96,114.52,45.60,6
180,7823,2375.82,1188.96,251.64,137.94,3
180,7824,2066.63,1154.60,265.85,178.82,4
181,7770,360.42,597.79,78.44,34.98,3
181,7810,529.60,555.56,275.00,129.42,5
181,7822,1552.83,837.30,111.69,44.18,6
181,7823,2431.67,1193.48,251.88,137.73,3
181,7824,2118.30,1156.25,272.34,184.02,4
182,7770,361.36,588.98,75.77,33.81,3
182,7810,510.28,547.98,276.24,129.48,5
182,7822,1527.66,823.26,110.02,43.29,6
182,7823,2477.34,1196.96,252.41,139.24,3
182,7824,2173.15,1159.04,273.99,185.47,4
182,7826,2621.13,912.51,82.82,117.17,5
183,7810,493.14,542.44,276.57,129.43,5
183,7822,1499.97,816.28,107.80,42.42,6
183,7823,2505.18,1198.21,265.48,151.89,3
183,7824,2230.03,1161.66,274.48,185.98,4
183,7826,2605.04,903.68,88.31,123.34,5
184,7822,1472.29,809.30,105.58,41.54,6
184,7823,2535.38,1201.16,267.96,162.52,3
184,7824,2286.30,1163.56,277.91,188.40,4
184,7826,2584.24,889.71,97.19,132.56,5
184,7770,359.22,567.76,79.02,35.45,3
185,7823,2587.67,1198.09,222.71,145.09,3
185,7824,2343.13,1167.35,285.08,193.37,4
185,7826,2565.65,878.44,103.10,135.00,5
185,7770,357.08,559.02,80.12,36.02,3
185,7810,450.75,525.88,286.69,133.61,5
186,7824,2403.28,1175.05,287.06,193.34,4
186,7826,2547.15,867.79,111.60,138.41,5
186,7770,356.12,555.15,78.73,35.67,3
186,7810,430.10,521.29,293.29,136.64,5
187,7824,2451.62,1187.42,284.76,193.41,4
187,7826,2525.20,865.56,115.95,133.40,5
187,7770,357.89,551.93,76.95,34.83,3
187,7810,411.27,521.75,293.13,136.62,5
188,7826,2495.95,863.90,122.55,131.41,5
188,7770,357.63,547.86,76.73,34.72,3
188,7810,385.68,523.54,298.74,139.32,5
189,7770,357.36,543.80,76.50,34.62,3
189,7810,357.67,524.35,307.87,143.97,5
189,7824,2508.67,1209.45,306.97,228.97,4
190,7810,340.08,529.82,303.28,141.04,5
190,7827,1356.44,407.95,45.76,17.46,3
190,7824,2572.54,1217.83,246.92,197.65,4
190,7826,2429.75,857.79,136.51,128.44,5
191,7827,1357.02,407.41,45.41,17.33,3
191,7824,2619.21,1226.64,247.19,197.86,4
191,7826,2394.22,855.01,143.55,127.83,5
192,7827,1355.91,406.79,46.22,17.62,3
192,7826,2358.67,850.34,150.04,126.73,5
192,7810,283.97,532.97,318.92,147.05,5
193,7826,2326.77,847.42,154.51,124.66,5
193,7810,259.93,536.08,323.44,148.40,5
194,7826,2294.24,844.14,160.17,124.18,5
194,7810,231.23,539.85,328.59,150.17,5
195,7826,2264.30,840.87,166.04,123.94,5
195,7810,204.37,542.86,335.24,152.25,5
196,7826,2235.57,836.75,168.77,121.17,5
196,7810,177.97,547.09,337.37,151.90,5
197,7826,2206.90,833.82,170.39,118.25,5
197,7810,147.71,549.48,344.82,154.44,5
198,7826,2177.36,830.78,174.50,118.01,5
198,7810,117.20,551.33,354.89,158.28,5
199,7826,2147.04,828.16,177.68,117.43,5
199,7810,88.99,558.34,355.52,157.08,5
200,7826,2116.27,824.11,183.52,119.14,5
200,7810,57.98,560.97,365.08,160.40,5
201,7826,2083.52,820.80,192.37,123.38,5
201,7810,30.94,565.34,370.50,162.11,5
202,7826,2056.78,815.19,194.14,122.97,5
202,7810,4.12,568.37,374.97,163.94,5
203,7826,2030.67,812.15,193.16,121.07,5
203,7810,-16.23,571.89,382.62,168.63,5
203,7828,356.85,550.46,76.07,34.29,3
203,7829,2408.35,358.85,42.14,19.81,3
204,7826,2005.11,809.95,190.97,118.33,5
204,7810,-38.48,574.97,396.59,178.35,5
204,7828,357.36,550.35,76.30,34.38,3
204,7829,2406.69,359.11,40.96,19.24,3
204,7830,1131.22,890.50,164.04,75.92,3
205,7826,1978.70,806.55,192.75,117.97,5
205,7810,-50.36,577.81,391.53,180.66,5
205,7828,356.99,550.65,76.39,34.41,3
205,7829,2405.52,359.57,40.31,18.84,3
205,7830,1159.78,897.30,167.30,77.49,3
205,7831,484.44,422.79,71.95,24.30,3
206,7810,-57.57,581.64,379.91,180.67,5
206,7828,356.09,550.25,76.79,34.55,3
206,7829,2404.62,359.84,39.62,18.52,3
206,7830,1196.57,905.93,166.87,77.34,3
206,7831,481.10,420.60,76.82,25.99,3
207,7828,355.20,549.94,76.87,34.52,3
207,7829,2403.73,360.10,38.93,18.19,3
207,7830,1233.49,913.68,168.90,78.27,3
207,7831,479.41,419.66,79.29,26.91,3
207,7832,972.20,897.31,144.81,72.47,4
207,7826,1925.41,797.67,195.92,118.48,5
208,7828,352.07,550.12,78.97,35.43,3
208,7829,2397.80,361.24,35.23,16.41,3
208,7830,1267.08,920.84,173.51,80.52,3
208,7831,478.73,419.26,77.82,26.54,3
208,7832,999.20,903.16,146.72,73.39,4
208,7826,1900.42,794.94,193.35,115.97,5
208,7810,-80.91,587.77,369.97,191.93,5
209,7828,352.99,549.94,79.11,35.47,3
209,7829,2394.50,361.44,35.49,16.44,3
209,7830,1301.92,927.77,178.96,83.16,3
209,7831,476.34,421.61,75.77,26.00,3
209,7832,1029.60,909.20,150.79,75.40,4
209,7826,1873.99,792.10,195.89,116.92,5
209,7810,-81.85,592.13,341.19,185.56,5
210,7828,354.25,549.53,78.15,34.97,3
210,7829,2390.48,361.13,35.01,16.23,3
210,7830,1339.07,936.23,180.02,83.68,3
210,7831,470.65,421.61,75.40,26.19,3
210,7832,1059.74,915.90,154.39,77.24,4
210,7826,1852.68,788.66,190.80,112.76,5
210,7810,-87.76,593.71,323.70,186.22,5
211,7829,2387.97,361.39,34.07,15.79,3
211,7830,1375.24,944.19,182.41,84.73,3
211,7831,466.52,421.61,74.51,26.13,3
211,7832,1091.31,922.72,156.35,78.31,4
211,7826,1828.52,785.84,188.34,110.37,5
211,7810,-95.10,593.47,303.14,186.04,5
212,7830,1411.99,952.56,185.26,86.10,3
212,7831,458.18,421.95,73.51,25.80,3
212,7832,1121.94,929.61,161.69,81.17,4
212,7826,1804.14,783.40,186.46,108.42,5
212,7810,-110.09,594.19,301.97,199.68,5
212,7828,350.60,549.54,80.18,35.81,3
213,7831,452.25,422.39,73.46,25.78,3
213,7832,1155.37,936.99,162.81,81.93,4
213,7826,1779.20,779.66,187.11,107.83,5
213,7810,-128.88,597.43,303.44,200.66,5
213,7828,350.28,549.23,80.76,36.06,3
214,7832,1188.60,943.84,164.54,83.03,4
214,7826,1753.83,775.43,190.48,109.41,5
214,7810,-147.68,600.68,304.91,201.64,5
214,7828,349.91,549.02,80.88,36.09,3
214,7830,1488.67,970.50,190.72,88.59,3
215,7826,1733.74,773.08,182.28,103.55,5
215,7810,-166.47,603.93,306.38,202.62,5
215,7828,350.00,549.52,80.16,35.72,3
215,7833,2648.31,897.40,58.34,64.08,3
215,7830,1528.42,979.94,194.66,90.41,3
215,7831,440.35,422.24,72.37,25.52,3
216,7810,-185.27,607.17,307.85,203.60,5
216,7828,350.45,549.58,79.18,35.15,3
216,7833,2633.58,896.17,57.45,61.65,3
216,7830,1571.35,989.89,195.29,90.58,3
216,7831,434.43,422.40,68.59,24.38,3
216,7832,1257.28,960.38,165.95,83.96,4
217,7828,349.14,549.62,79.60,35.24,3
217,7833,2615.86,891.29,62.55,64.34,3
217,7830,1615.05,999.55,197.45,91.61,3
217,7831,430.84,422.55,64.76,23.17,3
217,7832,1290.55,968.07,170.38,86.44,4
217,7826,1682.54,764.31,189.46,106.30,5
218,7828,348.83,549.71,79.62,35.19,3
218,7833,2597.13,888.47,66.72,63.87,3
218,7830,1656.53,1009.28,202.10,93.78,3
218,7831,426.22,423.31,65.84,23.61,3
218,7832,1325.54,975.25,172.61,87.73,4
218,7826,1659.79,762.27,187.41,104.48,5
219,7828,348.74,549.76,79.38,35.00,3
219,7833,2569.72,884.91,71.83,63.50,3
219,7830,1701.56,1019.99,204.26,94.64,3
219,7831,421.37,423.66,64.39,22.96,3
219,7832,1361.12,984.46,175.25,89.32,4
219,7826,1635.86,758.83,189.43,105.51,5
220,7828,348.00,549.73,78.73,34.62,3
220,7833,2538.93,880.59,75.73,61.59,3
220,7830,1743.83,1028.75,214.33,99.55,3
220,7831,415.46,423.97,64.90,23.01,3
220,7832,1397.62,992.53,178.89,91.44,4
220,7826,1613.91,755.83,187.05,103.67,5
221,7828,348.16,550.20,78.14,34.17,3
221,7833,2505.39,876.66,82.07,61.64,3
221,7830,1789.98,1039.39,216.33,100.58,3
221,7831,411.20,424.19,64.75,22.76,3
221,7832,1435.72,1001.57,181.59,92.99,4
221,7826,1592.30,753.21,185.36,102.02,5
222,7828,348.15,550.35,77.50,33.69,3
222,7833,2472.54,872.83,86.97,60.13,3
222,7830,1838.78,1050.66,216.97,100.72,3
222,7831,409.98,425.28,62.49,21.81,3
222,7832,1475.61,1010.86,184.00,94.27,4
222,7826,1570.83,749.97,185.18,101.66,5
223,7828,348.17,550.64,77.59,33.66,3
223,7833,2438.69,868.92,92.26,59.24,3
223,7830,1886.72,1061.54,222.94,103.48,3
223,7831,405.23,425.40,59.71,20.62,3
223,7832,1516.89,1021.39,185.96,95.24,4
223,7826,1546.53,746.52,186.90,102.72,5
224,7828,347.73,550.80,77.81,33.59,3
224,7833,2407.64,864.41,100.25,60.46,3
224,7830,1939.29,1073.97,222.91,103.25,3
224,7831,396.21,425.71,61.72,21.12,3
224,7832,1558.30,1030.93,189.79,97.40,4
224,7826,1526.02,743.17,183.71,100.77,5
225,7828,347.20,551.53,77.96,33.64,3
225,7833,2373.86,860.47,107.46,61.12,3
225,7830,1989.62,1084.54,227.83,105.54,3
225,7831,386.84,425.62,63.54,21.43,3
225,7832,1597.88,1039.54,198.15,102.20,4
225,7826,1506.43,740.15,179.58,98.10,5
225,7834,2619.41,1025.29,86.51,103.63,3
226,7828,347.08,551.51,77.60,33.37,3
226,7833,2341.44,856.85,113.22,61.18,3
226,7830,2040.20,1096.15,232.82,107.72,3
226,7831,375.17,425.09,68.18,22.61,3
226,7832,1643.89,1051.37,198.67,102.52,4
226,7826,1488.21,739.64,173.44,93.85,5
226,7834,2598.87,1018.20,84.36,98.87,3
227,7828,346.94,551.61,77.94,33.39,3
227,7833,2309.57,853.20,117.68,60.93,3
227,7830,2095.06,1108.13,238.28,110.07,3
227,7831,355.83,424.18,81.13,26.25,3
227,7832,1688.97,1062.21,199.57,103.11,4
227,7826,1467.32,737.50,171.11,92.26,5
227,7834,2571.71,1008.84,83.54,93.22,3
228,7828,347.09,551.67,77.84,33.26,3
228,7833,2279.65,850.21,120.50,59.77,3
228,7830,2150.83,1121.12,242.14,111.67,3
228,7831,341.51,423.37,90.87,28.81,3
228,7832,1733.84,1072.35,204.21,105.82,4
228,7826,1449.19,735.22,170.96,92.23,5
228,7834,2527.30,1000.92,86.82,91.49,3
229,7833,2251.12,846.30,126.28,60.25,3
229,7830,2206.18,1133.23,248.02,114.19,3
229,7831,333.53,423.33,92.63,29.37,3
229,7832,1783.28,1083.40,205.51,106.58,4
229,7826,1427.65,732.16,171.54,92.49,5
229,7834,2476.93,993.60,89.03,87.93,3
230,7830,2264.37,1146.03,253.83,116.72,3
230,7831,325.55,423.29,94.39,29.92,3
230,7832,1833.19,1095.69,206.64,106.76,4
230,7826,1406.83,729.35,169.20,91.04,5
230,7834,2428.49,984.36,93.31,86.02,3
230,7828,346.90,551.75,77.28,33.03,3
231,7831,317.56,423.25,96.14,30.48,3
231,7832,1883.50,1107.12,211.11,109.21,4
231,7826,1385.30,726.08,171.38,92.18,5
231,7834,2379.43,976.16,98.39,84.86,3
231,7828,346.60,551.63,78.08,33.33,3
231,7833,2189.51,838.70,131.90,59.05,3
232,7826,1363.86,723.11,170.24,91.57,5
232,7834,2328.53,967.43,102.95,83.18,3
232,7828,345.74,551.04,79.49,33.86,3
232,7833,2162.07,834.24,134.35,58.51,3
232,7830,2387.42,1172.99,263.38,120.33,3
233,7834,2282.77,959.43,108.31,82.40,3
233,7828,345.23,551.02,79.43,33.67,3
233,7833,2132.70,831.24,136.32,58.08,3
233,7835,2635.75,916.49,67.93,65.15,3
233,7830,2448.86,1187.62,265.56,121.20,3
233,7832,1987.03,1130.47,216.55,112.04,4
234,7834,2235.51,952.10,113.19,81.23,3
234,7828,344.81,550.80,80.02,33.76,3
234,7833,2105.10,827.77,137.65,57.64,3
234,7835,2622.30,914.95,69.19,65.11,3
234,7830,2485.42,1201.05,275.91,129.52,3
234,7832,2041.20,1142.28,221.19,114.26,4
235,7834,2188.51,944.13,117.45,80.02,3
235,7828,344.95,550.62,79.47,33.31,3
235,7833,2077.53,823.51,138.79,57.04,3
235,7835,2604.15,911.10,72.56,65.67,3
235,7830,2513.19,1214.43,294.46,146.43,3
235,7832,2095.67,1155.02,224.59,115.85,4
236,7834,2143.86,936.73,122.33,79.50,3
236,7828,344.59,550.89,79.72,33.27,3
236,7833,2050.88,819.80,140.87,57.03,3
236,7835,2585.94,908.78,73.69,62.49,3
236,7830,2559.86,1215.62,263.28,140.20,3
236,7832,2152.33,1167.92,231.40,119.24,4
237,7828,344.68,550.61,79.80,33.23,3
237,7833,2024.41,815.97,141.52,56.48,3
237,7835,2557.77,905.74,78.32,61.85,3
237,7830,2607.40,1227.22,266.49,141.92,3
237,7832,2212.53,1181.00,236.29,121.30,4
238,7833,1998.20,812.99,141.59,55.89,3
238,7835,2522.67,900.92,88.34,65.53,3
238,7830,2654.95,1238.82,269.71,143.63,3
238,7832,2272.73,1195.11,240.41,123.10,4
238,7834,2058.49,921.57,134.21,80.98,3
239,7835,2492.33,898.05,87.26,59.60,3
239,7830,2702.49,1250.42,272.93,145.34,3
239,7832,2335.46,1209.66,244.77,124.93,4
239,7836,1.91,594.91,31.22,48.26,3
239,7834,2017.36,914.32,137.70,80.44,3
239,7828,344.24,550.59,80.06,33.12,3
240,7830,2750.03,1262.03,276.14,147.06,3
240,7832,2400.31,1225.21,247.38,125.72,4
240,7836,7.64,600.99,28.76,43.88,3
240,7834,1977.25,907.49,139.87,79.48,3
240,7828,343.92,550.42,80.08,33.02,3
240,7833,1947.47,804.98,143.44,55.50,3
241,7832,2463.07,1240.04,248.10,125.77,4
241,7836,13.47,607.08,28.06,41.53,3
241,7834,1937.98,901.24,141.78,78.44,3
241,7828,343.18,550.59,81.18,33.34,3
241,7833,1923.33,801.57,145.28,55.79,3
241,7835,2425.89,890.36,99.32,59.33,3
242,7832,2503.21,1255.13,257.01,134.41,4
242,7836,17.76,610.41,28.25,39.87,3
242,7834,1900.33,894.40,143.22,77.53,3
242,7828,343.21,550.61,82.25,33.73,3
242,7833,1900.64,798.19,142.49,54.21,3
242,7835,2391.63,886.31,107.52,60.65,3
243,7832,2529.36,1268.03,282.31,157.29,4
243,7836,22.23,612.37,30.19,39.82,3
243,7834,1861.72,887.89,144.42,76.75,3
243,7828,343.13,550.40,82.71,33.88,3
243,7833,1877.56,795.11,141.73,53.63,3
243,7835,2358.97,882.91,113.24,60.71,3
244,7836,27.47,614.32,29.84,35.46,3
244,7834,1826.93,881.37,143.21,74.82,3
244,7828,343.08,549.47,81.88,33.52,3
244,7833,1854.81,791.55,139.73,52.32,3
244,7835,2330.05,878.17,118.74,60.71,3
245,7836,36.28,615.30,30.20,32.09,3
245,7834,1792.24,874.38,142.85,73.31,3
245,7828,342.34,548.38,82.40,33.78,3
245,7833,1831.59,786.68,140.15,52.26,3
245,7835,2300.44,873.59,123.12,60.09,3
246,7836,44.62,616.69,31.50,30.20,3
246,7834,1756.05,868.01,142.49,71.83,3
246,7828,341.84,547.30,83.28,34.33,3
246,7833,1809.63,783.13,139.04,51.48,3
246,7835,2271.42,870.33,123.23,57.47,3
247,7836,52.41,617.58,37.25,33.16,3
247,7834,1720.23,861.93,143.62,71.27,3
247,7828,341.64,546.50,82.80,34.32,3
247,7833,1786.58,779.12,138.42,50.96,3
247,7835,2240.83,866.79,130.23,58.80,3
248,7836,60.59,619.21,38.58,32.28,3
248,7834,1686.69,855.51,145.35,71.33,3
248,7828,341.20,546.60,83.34,34.78,3
248,7833,1764.11,776.21,136.41,50.09,3
248,7835,2211.26,863.50,134.12,58.75,3
249,7834,1653.77,850.58,143.31,69.34,3
249,7828,340.47,546.33,83.38,35.04,3
249,7833,1743.19,772.57,133.52,48.89,3
249,7835,2182.40,859.53,141.01,60.32,3
250,7834,1619.47,845.01,143.46,68.69,3
250,7828,340.79,546.10,82.82,35.02,3
250,7833,1721.12,769.53,134.34,49.05,3
250,7835,2152.58,855.66,147.34,61.92,3
251,7834,1585.17,839.23,145.04,68.73,3
251,7828,339.93,545.87,84.23,35.91,3
251,7833,1698.72,766.26,134.52,49.06,3
251,7835,2127.11,853.02,144.80,59.54,3
252,7834,1553.28,833.87,146.47,69.10,3
252,7828,340.58,546.22,80.92,34.50,3
252,7833,1678.99,763.08,131.67,47.84,3
252,7835,2099.40,851.44,144.20,58.35,3
252,7831,236.94,425.95,65.43,20.66,3
253,7834,1520.06,828.83,146.68,68.91,3
253,7828,340.74,546.27,80.87,34.63,3
253,7833,1657.84,760.12,130.35,47.17,3
253,7835,2071.34,848.98,144.57,57.64,3
253,7831,234.29,426.97,64.40,20.03,3
254,7828,339.94,545.76,82.40,35.65,3
254,7833,1637.22,757.07,127.99,46.27,3
254,7835,2048.67,846.97,145.39,57.12,3
254,7831,230.57,427.23,62.83,19.54,3
255,7828,339.00,546.17,81.04,35.30,3
255,7833,1618.95,755.73,126.16,45.46,3
255,7835,2023.46,844.27,145.95,56.45,3
255,7831,221.52,425.23,69.95,22.04,3
255,7834,1461.65,821.26,141.63,65.61,3
256,7828,335.12,548.21,78.89,34.32,3
256,7833,1599.79,754.92,126.17,45.35,3
256,7835,1995.20,842.27,149.40,57.50,3
256,7831,217.56,425.18,66.72,21.97,3
256,7837,208.59,572.80,88.14,32.54,3
256,7834,1432.01,817.15,142.69,65.93,3
257,7833,1578.92,754.47,126.74,45.58,3
257,7835,1972.40,840.95,149.65,57.14,3
257,7831,212.65,425.04,66.87,22.02,3
257,7837,193.73,574.39,89.32,33.09,3
257,7834,1404.96,814.47,141.41,65.09,3
258,7835,1948.76,841.34,148.52,56.06,3
258,7831,207.73,424.89,67.02,22.07,3
258,7837,178.33,574.35,91.26,33.98,3
258,7834,1376.93,813.30,137.46,62.73,3
258,7828,336.40,551.35,75.07,32.64,3
259,7831,202.82,424.75,67.17,22.12,3
259,7837,162.69,574.02,92.92,34.86,3
259,7834,1350.87,812.56,133.49,60.22,3
259,7828,336.12,553.57,76.06,33.43,3
259,7833,1540.85,752.54,124.30,44.46,3
260,7834,1321.67,807.90,133.37,59.92,3
260,7828,333.23,554.91,78.89,34.99,3
260,7833,1519.48,750.12,124.15,44.40,3
260,7835,1899.68,837.79,150.25,56.07,3
261,7828,333.10,554.97,78.11,34.82,3
261,7833,1498.12,747.69,124.00,44.35,3
261,7835,1874.32,835.21,150.19,55.53,3
261,7837,139.82,572.64,88.47,33.63,3
262,7833,1476.75,745.27,123.85,44.29,3
262,7835,1848.02,831.39,152.57,56.18,3
262,7837,127.36,570.66,85.75,32.78,3
262,7834,1272.92,803.80,121.82,53.49,3
263,7835,1823.62,827.79,150.95,55.39,3
263,7837,115.12,568.39,83.63,32.13,3
263,7834,1250.38,801.39,115.35,49.86,3
263,7828,334.29,554.55,74.38,32.99,3
264,7837,102.32,564.76,83.50,32.33,3
264,7834,1221.49,797.40,113.21,48.93,3
264,7828,333.90,553.75,75.65,33.51,3
265,7834,1192.60,793.41,111.07,48.01,3
265,7828,333.34,552.72,76.46,33.91,3
265,7835,1777.73,821.90,144.98,52.62,3
